08711834000117;1
24397344000144;2
28183078000108;1
05798547000106;12
21969026000112;10
01084111000196;5
02911193000168;28
21768899000167;2
19572332000179;2
15706601000191;1
23660359000190;1
19538459000171;2
22402194000194;1
18119058000114;1
23011656000105;6
08590556000197;3
20038898000102;2
08518040000131;3
22767483000197;1
23768775000107;1
23636836000182;3
21776904000183;1
22864990000149;1
19904801000100;17
03160525000182;2
12618997000127;3
20256412000102;13
20342618000147;3
12864621000100;1
27700521000108;1
22527952000109;1
20118252000127;1
04770238000157;2
14666954000142;2
28009533000153;1
03252035000106;6
27456321000151;1
10730660000181;3
27528622000143;1
27013072000120;1
27636981000114;1
02362843000163;1
03456707000286;1
40869463000109;1
20206682000109;2
22895891000124;2
14065271000130;1
11461719000146;3
12200712000133;2
08538175000169;4
18920924000171;8
24003100000130;3
20139843000180;1
11825577000159;1
08957961000109;2
01095099000115;2
17407880000118;1
09911766000100;1
04612555000145;13
16105674000190;1
22113858000103;3
07202892000152;2
13698919000142;4
07551949000129;1
09071994000101;3
26910069000146;9
41197559000130;4
26606245000150;1
24489304000122;1
27084224000185;2
21232927000127;5
27255318000170;1
07469622000102;3
28397038000169;2
26954508000112;2
11008714000162;1
07748243000151;2
78589504000186;11
13177486000180;2
27118141000160;1
04034623000136;10
01184984000170;9
27770900000174;1
20444838000181;4
28637198000138;1
05456205000108;1
24825506000106;1
11919367000120;1
09629293000145;2
07681440000109;2
13484098000141;3
12130906000100;5
13111807000143;1
08602666000121;1
11556407000116;1
27039010000197;1
41127861000112;1
12905904000145;1
26694096000129;1
03963880000190;4
20087112000139;3
17473452000193;1
16525308000190;2
22602949000102;1
19514012000162;1
16751714000171;1
23846750000184;3
02521357000140;1
09411193000148;9
17739732000109;3
19005967000194;2
20467220000137;5
22763884000179;2
10584445000110;1
05570101000111;5
28600168000157;1
19491825000184;2
04561688000130;1
21500047000194;1
04829970000155;4
13115819000146;6
22659328000157;1
24654099000103;1
18923365000153;2
14675266000149;1
09015759000112;1
09609579000169;1
07114496000173;1
20539975000108;1
20030833000102;1
08358517000169;3
13681551000100;2
10247764000130;2
27261802000101;1
23308333000188;1
24063598000126;3
23960568000150;3
08738151000153;1
14955712000179;1
23107540000174;6
26465390000169;22
11427407000116;59
10957174000109;4
05557156000191;2
13605012000191;1
13160548000140;1
18004303000148;1
12741062000133;1
02356205000130;5
10542457000181;7
27001782000130;2
27169439000107;1
23895304000160;1
09297961000184;4
14532563000135;1
20792187000110;8
23981698000179;1
12673901000123;9
20750009000127;1
11150150000106;5
21830478000119;1
09127625000193;1
21568268000102;1
12221374000116;1
15227460000124;1
11207235000175;1
21394373000164;1
05908259000159;1
11437640000180;6
11029849000104;2
25080506000189;2
11392216000166;10
08787537000155;1
20226846000151;39
20979226000193;1
09913177000153;6
18292526000158;1
03781322000103;1
19479683000130;2
21765959000198;2
22739441000142;1
08591679000142;7
27377267000159;1
20227311000103;17
14447450000131;1
06101963000168;1
12613270000157;1
03948024000165;1
08026075000153;1
24758964000161;1
05457026000187;3
20608585000134;1
08917963000166;1
11045543000141;1
17597525000159;2
18653192000109;1
10841500000100;1
19979878000149;1
28253940000101;1
17220038000172;3
17494695000108;1
04436777000154;1
09379391000171;4
19824567000100;1
19361356000189;1
08778201000126;104
19550718000180;9
15033987000118;7
26512809000196;3
21784107000148;2
11622579000140;1
03255805000174;1
24301192000134;2
26417889000109;1
15457996000136;1
14658681000194;2
22338439000161;4
09053134000145;2
03637977000102;3
14937422000100;1
28988709000166;1
21970622000112;1
21726228000133;1
09611740000139;1
28251024000132;2
27314928000105;1
01663156000115;1
21575158000160;1
00891024000188;3
04319954000112;5
19522342000108;1
10634344000106;16
27496138000180;1
11822583000152;1
09175648000173;1
07098746000129;1
10894740000172;2
11680368000164;8
26791302000119;1
08469783000169;1
27815504000116;1
11174476000165;1
22291182000130;9
12752996000170;1
19462293000157;3
12929519000138;1
14032954000190;5
12322021000102;5
15744387000168;2
12887643000188;1
23007236000155;1
25462687000108;1
10565155000129;3
02403402000162;1
28545815000175;1
25445998000169;1
01723871000104;1
07404852000193;3
03555503000111;1
03885540000198;1
28590129000116;2
11512637000183;2
05843650000112;1
27403296000148;1
27428247000160;2
12574451000111;1
18938799000127;1
27909280000101;1
09052387000102;11
23140495000150;11
12636772000101;1
01555766000103;4
06306274000190;2
12594037000174;3
03783801000169;2
22991378000137;2
10614676000129;5
05246599000161;1
26183729000134;2
18312458000141;12
12423684000113;6
17001842000160;1
21009528000100;15
06878273000110;1
27551992000100;1
09256546000697;1
17472965000180;2
25143222000194;1
20855940000170;2
16789744000177;1
13570141000191;6
17792470000138;6
25178040000159;5
10612369000109;1
11514616000105;4
40979320000311;1
02775367000102;39
06319868000135;4
03126792000133;11
10726857000147;6
01281431000136;1
27294952000111;1
17394356000150;10
35428978000133;3
26541690000180;1
12254078000111;4
15204681000187;1
19432537000159;2
07189346000129;14
20385922000171;1
22522562000138;1
24606073000190;3
08800543000103;2
27656846000130;1
27099216000102;1
08518021000105;3
48240709000190;1
14124138000107;10
26609320000137;3
17990939000143;1
23902222000103;8
17700098000192;1
26979826000138;1
21769115000115;1
20229352000120;2
12425984000131;1
22545848000139;4
10661909000144;5
15027652000197;2
17496653000106;1
12681292000154;7
06198068000103;1
02852458000102;1
10742147000100;1
26786837000100;1
25194398000175;1
10291098000137;26
22392045000191;2
21859109000159;1
13211873000195;2
27058909000157;1
17268992000135;4
03882108000224;5
12519814000116;2
09814346000106;1
11895653000100;27
19047926000160;1
02675956000119;1
24642702000137;1
18253137000113;5
17694586000134;2
05508180000130;2
10426790000125;1
03841826000171;11
22683538000180;1
21627704000169;2
08348650000134;14
28150990000163;1
04828511000157;1
27028830000183;1
18033461000126;1
27497865000161;1
26475942000110;1
09248450000172;7
03581177000117;3
07894064000122;1
11946222000118;2
00977582000160;2
26891498000113;2
04034176000115;1
18540020000110;4
17470413000132;1
18343185000100;2
08164012000163;6
18884181000121;6
09555958000113;3
04666364000166;6
23126396000113;1
16855811000104;2
12506280000193;2
17670503000177;1
14909605000104;4
08924480000199;1
27275708000101;1
27755751000174;1
23614377000136;3
10495633000171;1
19895976000106;1
03434985000151;2
03319496000159;1
20131828000196;3
11348741000184;1
21000216000127;4
17472936000118;1
09210219000190;33
23003690000138;1
07289700000197;3
12677522000101;2
23308432000160;2
19576083000190;1
19770321000101;1
21933076000140;1
17561052000130;2
12617536000130;1
24004753000133;6
27052363000127;1
00180316000102;1
03164435000160;3
27687221000136;2
19654015000100;2
08381491000170;1
05694918000100;2
22763938000104;1
17584414000108;1
24238498000193;1
17407218000168;1
07718256000188;2
05411068000187;7
06948769000201;4
22290243000144;10
26948738000179;1
08932269000118;1
17495846000142;1
26697336000149;1
04588983000180;2
23836574000108;5
27156558000117;1
10760106000147;2
13638492000197;1
27069433000150;1
19144465000144;2
21010701000181;1
41136888000171;1
18686866000163;1
40945446000103;19
17456087000290;7
04688488000142;1
28050160000164;1
11065953000154;1
27324602000150;3
02503493000108;6
10655938000101;61
26666227000164;1
15696994000108;1
04187384000154;6
19353084000175;3
14599034000159;4
23804320000108;2
12222392000112;1
08843362000156;2
10945772000150;2
01860393000176;4
02437365000103;1
08056849000199;1
12305387000173;78
00622097000174;24
23157221000173;10
22413924000152;2
07283447000164;3
19894768000184;1
19652918000143;1
13167781000155;5
12733085000104;2
18419514000141;1
05967592000139;1
03010559000190;3
10657276000109;2
15348142000111;41
14371318000193;3
05905065000108;30
02778480000303;2
09044455000183;1
18879194000102;1
27126402000193;1
02589474000146;4
18190056000111;1
10197407000104;2
11730189000194;11
10874854000150;1
06983782000102;1
21508153000114;2
01976704000248;4
17127519000138;6
25169257000100;1
27231584000162;1
18812679000189;1
07322508000236;6
04953021000182;3
27750898000171;1
04502287000109;5
19653032000114;1
24425246000173;5
13812918000187;1
19477117000199;1
12848592000185;5
28108304000196;1
13510135000149;3
27474759000162;1
08935366000164;1
17612203000131;2
15034271000135;1
08993185000194;12
20763307000151;1
09164369000104;98
04222761000149;1
13632444000191;1
01479372000105;1
05922811000163;23
04585676000145;1
10405018000127;5
17178114000129;2
24281342000195;1
19615932000177;7
04654716000163;57
24316195000141;1
24846581000145;1
06223186000124;3
27793615000179;1
06538203000112;7
04856926000134;1
26566990000113;2
08979890000137;2
19486959000107;2
11843578000126;1
20295354000118;15
08320251000165;10
27619944000106;1
17425318000117;1
12305387000254;6
20334890000185;1
17714186000143;2
02166028000129;2
17409955000108;2
12807131000164;1
11807239000194;3
09608223000100;3
09508226000172;32
09061979000182;2
02821012000102;1
21863585000143;2
13898616000173;4
27156164000169;1
23948823000149;1
03562340000102;2
14991955000162;3
03091852000120;2
27189313000196;1
17599403000100;3
24459731000168;1
05052423000179;1
13171610000108;2
05816684000118;30
09039297000173;1
17493314000176;2
18582919000104;1
13264591000156;7
22840650000188;5
11897960000112;2
04762060000100;1
23716167000159;1
26762458000171;1
28040133000100;1
11574829000114;1
13371824000110;1
12916888000196;7
13478572000122;1
18035961000105;2
09137084000184;1
19833667000101;4
73008682000152;2
17556877000166;1
07131879000311;2
17340496000145;1
19860358000112;1
21821027000115;1
13000398000108;4
27143869000141;1
05219643000144;1
10904064000170;2
14575353000124;1
19466870000189;2
10892469000136;2
26674969000131;1
13312369000181;15
11981830000163;2
09477008000118;1
10414278000169;13
26758266000191;1
12928081000173;1
19553457000151;1
24208480000149;2
17227485000153;64
02975237000113;1
18043195000112;1
18667838000107;1
21645771000106;1
08931811000118;2
05420850000162;3
18675817000125;1
21817972000143;3
10806421000168;2
10769156000195;3
22410470000166;1
14100623000140;5
11352619000181;4
19072641000180;3
08067371000100;8
13307441000182;2
14402409000149;3
19670316000119;2
08868815000107;1
18833963000131;4
08816563000164;4
03610430000113;5
22037167000160;5
03468197000186;1
11323173000167;1
08839644000180;10
17046892000164;1
10758902000145;1
16571889000105;2
72923618000134;1
20287279000143;1
03647696000130;12
11449708000140;1
17545126000144;2
12156911000191;5
11820146000108;7
09286691000106;26
09335002000106;7
07897039000100;38
03466560000124;2
16682179000144;31
08716557000135;24
11511020000143;1
27789321000173;1
07127135000161;2
41133828000103;7
08821355000234;7
10822903000101;2
17944816000176;1
13864189000102;7
00558567000188;1
01686814000194;5
21783331000115;1
26932599000195;1
19333944000109;2
17921468000111;1
08593004000132;6
73694788000157;1
41146994000136;1
05531000000131;1
12668208000162;1
11150125000114;3
19002428000100;1
04322821000103;7
70105630000106;1
26021511000183;1
18776501000120;1
03342723000167;3
07971772000110;3
13224220000140;1
27205403000123;1
18594232000180;1
12646171000252;1
05102183000170;3
11246831000164;1
21887943000158;1
27809220000117;1
03961897000299;1
04505819000161;1
07080022000158;3
24206617001602;1
14196862000146;2
22889282000162;19
10488400000141;2
04647887000246;1
01411114000197;3
70105176000193;3
14114084000107;2
12379507000187;2
07189215000141;1
10479898000186;3
05956054000149;1
11205468000139;1
14788642000101;1
24993126000172;1
23974315000135;2
23476946000124;2
05526805000197;3
13129940000127;8
10678283000189;1
05448369000185;6
04302243000135;3
09442754000176;34
27860193000107;1
41203555000118;4
12829334000151;2
27379195000189;1
17492740000195;1
19164496000167;2
09266128000176;5
17714328000172;2
13874242000156;1
24024359000167;10
14008443000133;1
04190700000147;3
01704290000117;25
15362903000190;1
08761845000101;1
18582688000120;1
12571620000160;4
26816261000178;3
27963496000155;1
01650302000178;2
27849526000105;1
10664262000104;1
18667649000126;1
17460970000172;2
18579172000127;1
26802622000127;1
01841191000187;2
02619307000109;4
12270525000126;1
12557115000160;6
13836920000196;3
19891486000123;1
02368789000163;3
22055663000146;1
04093214000100;1
21822865000103;3
12102978000143;7
08321484000182;46
12633193000105;3
21530656000196;1
25048072000130;1
13246804000117;1
23380460000198;2
20446602000184;1
00142702000100;4
02163386000188;3
09041189000135;9
26751932000160;1
16801724000174;1
18344240000179;2
02221116000186;1
26866235000154;1
16941283000106;6
17242841000108;2
19493730000108;2
24089593000172;2
19581152000153;2
10903250000195;2
21749512000125;2
22444492000147;2
26756644000106;1
04368983000336;3
25226938000155;1
11362645000190;4
27417081000186;1
05463825000166;1
27151128000102;1
17677648000108;1
14277609000117;1
01832395000151;10
15706623000151;2
07339942000148;1
26092337000160;2
02413880000153;2
09260688000113;3
20794299000100;1
17549519000126;1
64058100000151;1
09318448000122;1
26548151000172;1
10402165000143;12
27873732000142;1
08366976000194;19
27149696000179;1
12472413000158;4
11918524000182;2
20226553000174;2
01555718000107;1
21783989000127;1
26807760000107;1
12202061000110;1
24513707000160;5
14951050000169;2
01049357000127;1
08948054000195;2
21596736000144;17
13045626000166;22
00448994000103;6
28035221000114;1
17149023000165;2
09181905000180;1
14268108000174;1
04553782000147;1
26572822000130;4
12890500000125;2
18785563000106;1
28363676000169;1
23065161000169;2
41138298000188;7
07768261000103;3
17287720000182;6
10577143000114;1
10527336000160;1
14809659000360;1
27156209000103;2
10602336000188;7
21202243000182;1
24188631000144;1
06117821000199;3
14840360000106;1
10649667000173;1
19533015000143;1
05364404000188;3
02914690000110;25
08580979000126;1
10545637000117;4
13271510000145;1
05031301000287;12
20162464000101;1
18107594000108;18
26926271000166;1
18217826000172;1
15200816000136;2
08847410000265;1
06538299000119;2
01995583000109;4
23332627000145;1
11411607000180;2
27004599000198;1
10260641000139;2
26752132000163;1
24626938000180;2
05595607000185;6
27140145000144;1
17760192000137;2
07268025000110;2
22400479000196;2
01718221000162;1
20540594000130;1
26022712000103;1
16096759000150;1
17018554000119;24
41155821000184;1
12160512000102;4
17584311000148;1
24610110000133;1
12724514000179;2
14593632000110;2
22574409000154;1
24091089000107;2
04275808000132;2
25367989000105;1
18346150000117;5
19573528000188;2
11071518000132;4
66783630000279;1
18898774000147;11
07456578000104;2
05977156000140;1
09319988000120;2
02219308000158;2
00399637000100;5
14190249000111;2
26839390000181;1
11345552000158;4
26541826000151;3
26873405000128;1
20370967000172;1
10402186000169;2
19068494000174;1
09005298000105;2
41132291000159;2
21089012000104;1
27139230000192;1
01807006000138;5
14524530000143;1
12732608000190;1
03188887000181;1
17440965000106;9
05137854000138;2
40952178000157;1
15574102000198;1
17250998000185;9
40953788000175;5
25049947000118;1
08855763000126;4
02620622000148;14
07533074000132;1
26980348000186;3
27141268000108;1
08791659000468;3
10963214000117;2
19594219000194;13
03811740000104;2
15334818000118;2
08208311000152;2
28492743000145;1
00866006000146;4
18051463000148;1
10715095000183;16
11923108000172;1
14236051000121;3
24330635000115;1
03517351000162;17
24565015000165;1
35419936000136;29
35586809000121;5
08217219000159;1
10761617000183;2
04258626000153;1
17372598000142;1
28492699000173;1
10768851000485;2
05487858000146;3
06068733000144;1
08602636000115;3
21647408000120;2
27924347000187;2
18557245000180;6
18473851000117;1
26890049000150;1
07530825000167;1
19171607000162;1
11490075000114;1
07057836000171;3
05811515000276;3
09082705000170;1
17405059000162;2
09371352000128;2
17189445000164;5
26902112000121;1
25207290000170;2
19978707000103;2
13349013000112;1
27560318000183;1
13598451000114;2
24292350000137;2
01035382000151;1
06985921000137;1
14451882000116;1
24059658000137;26
03193796000134;1
17161780000154;1
00509735000145;2
01280149000134;6
07365058000188;15
19813306000195;2
18258589000198;1
26790769000144;2
10671008000133;1
27504842000137;2
03051188000195;8
27068697000199;1
22480583000138;3
10748903000109;2
27461313000101;1
12341769000152;3
02683283000149;1
27518454000105;1
21873842000128;2
05052764000144;2
11695174000132;5
11589693000116;14
19466331000140;1
22858630000134;1
27101829000137;2
11815796000157;1
27410330000101;2
18309624000150;2
20119298000160;2
09485574000171;4
17620599000169;1
24154119000187;3
14444035000124;1
10212250000149;3
10793521000105;1
24417901000141;1
12550990000110;4
27031537000175;1
35496462000126;1
41119306000149;25
27850392000134;1
12805753000153;1
26988264000199;1
21691642000154;1
14523449000149;2
11530975000148;1
15091482000100;1
00860626000178;2
13531679000197;1
07220925000197;1
18006561000163;5
12732749000102;3
11144884000174;1
17103209000183;1
20812326000120;44
20226441000113;1
70097142000102;2
10690638000155;1
09221962000145;6
12908745000132;1
34151100001617;1
23820308000189;2
12408162000142;3
26022990000152;1
26843529000160;1
22096110000131;1
04650744000102;1
28954976000112;1
08972408000137;1
02956445000175;3
08541500000142;6
08334299000122;1
03667658000140;1
13088113000132;3
02301569000112;10
17866080000165;4
27314253000196;2
14593922000164;1
17658081000114;1
27441285000152;2
04818858000119;2
28249296000106;1
27202208000140;2
02886660000147;1
18072764000158;3
11654831000101;3
10744811000150;1
19074142000121;61
06159722000170;2
24208893000123;2
13598491000166;1
09122571000173;2
18089605000166;1
17504696000196;2
00412020000170;47
20857070000178;1
24118945000170;6
70095401000239;11
11856626000110;1
18448124000108;1
11955108000154;4
05022719000147;6
16918877000104;1
07803245000104;5
17465404000153;1
28035163000129;1
24709372000150;1
11673945000190;5
27337824000108;1
03061134000100;14
08706374000139;2
22452226000166;2
03494310000106;2
12884672000196;3
11028345000250;1
20041130000180;6
27584583000100;1
19627294000104;1
19167759000191;36
14979856000165;3
24602809000151;1
12924178000108;3
18101635000140;2
26924511000193;1
27896782000145;1
15656063000178;1
01081707000132;2
03716631000108;1
26417803000130;1
20636777000154;1
15714701000160;2
07206138000190;9
19481465000130;2
08503413000281;1
19192694000134;2
23193582000175;1
06095249000104;4
23708289000101;1
24506743000104;6
08979527000200;1
03351997000112;6
21788974000151;1
10957214000104;3
05379802000178;1
13093132000157;1
28113144000173;1
11758300000150;1
26799454000168;3
08958174000173;1
07272309000180;15
19498043000177;1
19562890000153;2
13171242000190;3
26957875000170;1
13020535000176;1
16713807000101;1
19314487000105;6
12424127000117;2
02183888000170;1
09049804000150;1
59231530000193;1
03229679000183;6
18520987000130;1
11686157000139;1
17298879000100;1
11928295000187;4
12252018000160;1
26837871000158;1
65817900000171;2
26950743000116;1
09015680000191;5
20676918000162;4
01292729000141;1
17055353000191;1
26942108000197;1
26822683000156;1
24121873000110;1
27964954000170;1
09163584000190;1
27850566000169;1
05797987000130;114
03981704000180;3
27538148000130;1
17999405000188;1
17591437000140;2
19640883000122;2
19949741000141;2
14335196000180;2
00768459000130;2
07524547000135;2
20274253000160;1
24316460000191;1
09085787000106;1
09391102000150;1
27632361000107;1
27499125000164;2
27624958000100;1
24721939000103;1
06196043000170;5
23479604000168;1
19164442000100;8
21527427000112;1
22684331000120;2
10367987000130;2
07876034000193;5
06272578000183;3
19296355000106;32
09208383000162;1
18912038000104;1
08365223000164;1
00470967000137;2
26986825000110;1
28879979000139;1
40757908000169;8
23957295000194;2
17158086000188;1
12773805000157;1
27749707000151;1
09560394000107;3
17341634000100;2
27044026000198;1
05284923000136;8
06913524000150;2
19539047000156;1
07863544000126;2
27642521000107;1
09255522000109;3
16502649000140;1
26873270000109;1
27315277000160;1
08467752000179;1
27231693000180;1
07882056000166;1
17695700000140;2
27192565000174;2
11475796000155;21
11340009000168;1
04364791000190;1
17261508000146;5
18995457000149;97
27481178000158;1
08272332000137;2
06015103000101;1
04353193000115;2
10988098000190;2
23448713000118;1
22108049000103;1
26803843000110;1
08370039000102;15
05423963000111;1
09513739000171;4
20086431000120;1
09476941000170;2
28193952000198;1
02938901000154;15
17511241000106;1
08302042000199;1
09419917000108;2
24380578002041;3
03220287000153;6
14878438000181;1
13976026000111;1
24281130000108;1
05514737000146;3
28215972000112;1
12961236000173;1
17704410000116;7
03408272000113;5
08938412000189;1
07624749000159;2
23977767000170;1
11516454000136;1
17470323000141;1
19354668000165;5
15123954000169;5
26804557000179;3
24781516000189;1
27626218000102;1
19594494000108;3
19407083000166;25
35484971000139;13
07892563000180;15
04338995000156;2
14005907000158;4
21682050000176;2
09223306000181;1
22584909000177;1
12506712000166;1
02715816000127;4
10589537000192;1
13199066000102;6
20474613000178;14
28261282000108;1
19044027000104;1
20413221000107;7
20939847000143;1
25242664000198;1
05539758000116;2
22638392000151;1
26880821000153;1
06012274000187;5
69911014000163;1
23416239000142;1
09268598000179;1
11079827000159;1
19752596000104;9
19030804000161;2
14078769000137;1
24375595000128;1
23207003000104;1
13298679000199;1
16779292000142;3
02322685000118;1
11989514000138;1
09144058000183;2
04326123000178;6
21400042000190;3
10872280000181;1
14577777000128;3
07592004000155;6
21933548000164;1
12760530000117;1
24100643000175;2
25079517000149;3
26921169000178;1
06196577000105;2
05658533000189;3
18830068000163;1
03013776000134;2
27435228000160;1
21873919000160;2
13350372000190;1
07788510000114;5
05193717000110;2
26777560000140;1
25021770000141;1
21636714000160;1
07805258000104;1
21511965000119;5
01110791000175;2
27203924000141;1
09004901000126;17
14222882000144;11
18639374000117;2
26744393000131;1
21601339000113;1
19858654000189;9
11555099000104;1
23050403000140;1
17375638000100;1
19774845000162;3
06154984000141;1
11228215000180;9
24110017000160;2
07773027000166;2
14967770000112;1
08686945000110;1
27620366000110;1
14890226000110;1
26711559000113;1
09005279000170;7
08320277000103;1
27304552000140;1
09371782000140;1
16572213000128;1
35588417000100;12
12933529000147;2
17535530000137;2
02737810000150;3
08331338000138;1
26693224000110;1
08568388000133;5
26987758000159;1
18602104000131;15
02783889000156;1
27002009000198;2
08312332000113;5
37227550000158;14
19492924000180;2
24790656000113;2
24900915000111;2
25534870000171;3
24206314000103;2
01555730000111;1
28437970000178;1
09551836000159;1
14806128000151;3
21678261000135;1
27141248000129;1
19522232000138;1
21726894000171;1
19886307000160;1
14280894000125;10
05031301000104;4
02133732000185;1
21120333000124;10
27460508000129;1
14952764000191;1
27456448000170;1
23525290000192;1
05514490000168;3
07656415000167;1
12441013000185;1
01131601000104;1
25080477000155;2
41138033000180;2
70097530001157;10
17213921000135;2
03158901000102;3
16737759000191;2
05163075000107;2
10345435000121;1
20078311000180;1
17441179000115;2
17097485000186;1
01141468000169;3
07142077000145;1
08510807000186;3
15553653000175;4
27627329000133;1
03263984000191;9
26888551000127;2
24809638000136;3
11372104000143;1
20991439000130;20
00236127000104;1
26866728000194;1
14305309000102;1
11471693000117;1
19573568000120;2
28240229000112;1
18225191000155;2
19173082000102;12
27059114000163;1
08837315000108;5
35419902000141;1
23633194000168;1
27106131000104;1
25118243000150;1
12792107000107;7
27758090000130;1
07479030000171;9
08711170000196;1
07374508000107;1
15200303000125;4
13172170000103;2
08829277000133;6
04099366000110;2
21645242000102;7
19559206000184;7
12510313000179;10
08856218000154;8
07754007000148;2
24357583000170;1
12845031000122;2
08557662000179;1
28422755000101;1
28083554000119;1
01222789000198;1
07741674000196;1
17584328000103;1
20009253000133;1
17677906000148;2
70111752000105;8
06073122000194;4
19825725000147;1
21137322000157;2
05686752000171;2
27388221000135;2
28628710000180;1
05207619000195;1
26033471000190;1
24926923000137;2
08293706000109;1
19357199000138;1
10676491000149;4
14107055000100;2
26783396000184;1
19852568000169;1
11435681000137;3
11661389000132;2
23612205000123;1
12916291000141;1
01395137000155;5
11418585000180;2
09200727000197;8
05485148000187;2
18613129000130;3
20789334000101;3
19622288000164;1
10718973000114;1
25211656000184;4
07586369000177;6
11901592000210;1
19420845000164;11
19567364000186;1
27409471000104;1
13438691000232;1
11355126000103;1
24300817000143;1
23553904000140;3
15247035000105;1
13417507000197;3
05731571000110;2
07736287000161;4
09282163000189;1
17721196000106;1
12390259000175;1
21182828000188;3
12299910000104;9
20599708000118;2
13366050000139;2
11957561000108;2
08679991000192;2
21712166000100;1
24031691000159;2
07065187000150;1
03093776000191;2
21947375000133;2
16515252000193;22
26749875000184;1
05807021000137;1
06114939000163;3
05449553000140;8
10986583000125;1
25341162000114;1
26745922000111;1
18789852000175;1
25096012000192;3
11687769000146;2
07046164000107;15
27305308000100;1
07115086000147;14
27592532000111;1
09364345000107;1
11586105000190;2
01860850000122;5
09178765000190;2
67729178000220;1
27209159000177;1
22135582000156;1
11803338000106;1
27620813000130;1
09349725000164;2
16753609000171;1
04650706000230;3
22020470000150;3
18401924000165;3
13639397000108;16
07476363000147;1
24207108000118;1
21802956000187;1
21469847000190;1
16813551000104;1
11755254000136;2
03092570000570;8
27651109000145;1
21341513000136;1
04320189000150;5
17584284000103;1
05157468000108;3
05013162000188;1
22576181000131;12
22422821000159;4
05818747000175;1
10861672000145;2
07105647000127;1
03024198000131;1
22036755000189;9
03834750000157;2
22885188000135;9
27167851000180;1
29046105000163;1
24567649000157;1
27346732000194;1
06949023000123;4
21715641000100;2
00518181000142;1
10885912000141;1
09636081000195;1
20554993000150;5
03042760000150;2
10540927000178;1
27376389000120;2
27114398000143;1
01106085000150;13
05142210000138;2
19236250000153;7
21722316000167;2
41144940000131;2
11842104000160;6
09234429000118;38
22958849000105;1
23666278000106;2
10702044000117;2
04688196000100;2
04264919000143;3
27090969000157;1
10392655000106;2
11579868000104;2
20930189000129;2
19881198000198;3
14342361000120;1
09350715000149;2
02240730000195;1
17290596000104;2
23594338000114;3
15659814000100;121
26905763000175;1
09144045000104;3
19774110000139;1
21322263000197;1
04742988000115;2
04584269000113;2
12763104000137;1
09508232000120;1
26886582000149;1
21223064000121;3
08406779000151;1
27231805000100;1
10805953000180;1
17578740000102;3
02859542000140;14
23068854000105;1
20002412000178;14
17573383000190;4
18544864000130;1
23708247000162;2
08077535000172;3
02044971000169;30
13225490000176;2
22924189000141;16
17505644000134;1
11393145000116;1
18604768000130;3
16631594000179;1
26766720000156;4
11938541000181;143
26743365000108;6
19082824000186;1
04259130000102;1
27156114000181;1
02301135000112;12
23859656000160;1
09081587000185;2
63502561000109;2
04818661000180;4
23390425000150;1
23245433000102;1
19573498000100;2
03385743000115;13
09056455000101;1
07840219000148;3
07527821000120;6
07160019000144;3
02642982000140;1
09096700000104;2
28923849000156;1
13349051000175;1
05277208000176;7
05621288000135;7
25962546000154;1
02104947000178;1
10479955000127;6
01741005000138;1
04985298000197;2
05896491000114;4
03660203000100;1
22960985000130;6
35427848000186;2
19894881000160;8
13028670000168;1
10201854000190;4
03647964000114;6
09181832000126;2
03447150000136;6
09344201000342;1
21149391000180;1
04429172000136;2
19495501000114;2
04074284000111;2
11273343000146;3
05008302000120;1
01022531000148;1
07764918000156;7
26535461000152;1
09443403000180;1
09151564000108;4
35500289000192;61
16920752000100;1
14783426000173;1
26561204000195;1
10782385000140;7
19595745000179;21
27208936000169;1
16837482000179;2
02977362000162;110
26487083000189;1
26804972000122;3
10878419000102;6
05816614000160;1
17677506000132;4
10649674000175;1
14728500000159;1
05951324000129;1
01784324000120;2
07456930000101;1
05962331000126;1
08035873000141;3
27555406000197;1
03936626000283;8
20728054000185;1
10737596000160;7
05992877000120;3
03441541000143;2
06334237000195;2
02409559000103;2
02472105000179;3
17282026000172;3
22668926000192;1
26796062000145;1
20430741000110;1
19607115000177;2
23436643000188;1
10894452000118;1
07884213000172;1
06231038000151;1
10889055000158;1
05911784000123;4
06013113000108;1
22190081000172;1
02223342000104;1
28045004000105;1
12135619000192;1
17594263000179;2
04670050000137;2
19750069000160;1
14098604000127;1
10365402000143;1
03001429000191;4
03315182000188;3
09341526000100;1
10806118000165;54
26983696000107;1
24238856000168;5
19263965000103;2
27905334000160;1
27262276000102;1
27709875000113;8
22003194000111;1
03651527000174;2
01770215000154;8
27206219000106;1
14838167000130;2
06350115000192;1
22666743000138;2
15136018000192;2
09344201000423;1
07622652000107;12
08041657000109;5
27149538000119;1
00416025000170;3
21455988000153;1
21243861000170;1
08883446000113;7
25158880000150;1
19863047000107;1
27383127000193;1
13431795000134;1
21998549000197;1
06368058000179;2
21154978000188;1
11064297000175;2
13954529000196;2
11150195000172;1
07750950000182;9
20284072000115;7
26978548000102;1
09150395000183;1
08946420000177;1
21841993000102;1
09217903000101;1
27633038000158;1
23788209000167;1
16596756000185;1
27863061000139;1
24463916000146;4
19699196000182;2
25368967000151;1
70103098000198;16
03420484000116;1
10670251000137;1
07211715000132;4
08419619000147;1
17439485000117;1
23088469000120;6
06217437000168;11
13062905000138;1
08226895000199;1
09127069001127;4
18326018000143;1
06105527000167;1
03935826000130;11
27015573000145;2
19481022000149;2
10759850000121;4
40979171000129;3
19690539000148;3
21508760000184;2
18226819000137;6
10372487000197;1
11971243000193;3
18326590000102;1
24279694000106;1
27005128000102;1
28648382000183;1
21627618000156;3
09565996000157;2
08847410000184;9
22264211000174;1
27393771000142;1
00463287000196;1
27023151000111;1
16642942000103;3
13029173000184;1
24211643000142;1
03214819000140;4
15713719000147;7
23714226000150;2
08897133000114;1
26665213000126;2
21312375000167;1
02947911000156;1
27320335000143;1
17523802000189;1
09354457000179;1
09677043000180;2
18200150000104;2
08418490000152;1
19701423000167;1
19648756000170;1
02357604000115;6
09075928000100;2
00532033000182;28
26836842000171;2
16782879000100;6
24863266000126;2
24710087000159;1
69925642000106;1
03901573000184;1
20378911000164;1
06317981000181;9
08704443000175;2
19622478000181;1
06007901000191;1
24285371000125;1
23593802000158;4
10852945000195;3
08602104000188;3
21606890000150;1
27157680000108;1
11035725000131;2
04383387000163;5
01886956000103;1
04026213000143;2
22455563000107;8
07420645000122;4
10474007000107;4
14288888000114;1
08134975000386;4
10464410000147;1
18384520000100;3
01549691000140;2
13845768000108;3
03278968000172;10
07754029000108;2
16763463000145;1
09203286000187;1
14725556000150;1
12951285000125;2
06115454000194;4
08107074000133;1
35499581000132;4
19984131000189;2
05236335000127;2
24602770000172;1
05135290000102;5
05924878000137;1
18473911000100;1
27555389000198;1
19447850000160;13
17555975000189;1
05138559000104;1
00230981000163;1
17251300000146;2
27869641000133;1
14889981000184;3
13628449000140;2
24069947000117;1
08706350000180;9
27198638000135;1
10769768000188;2
08487336000132;1
10710304000104;1
11615335000130;3
09685711000111;1
26758324000187;2
26036997000123;1
14651124000141;1
24241738000109;2
02517553000141;3
10719048000108;101
02480075000142;1
10777978000118;2
08530108000106;2
15036065000164;1
15576640000111;1
17384925000186;2
01202874000194;3
05342036000177;3
05685412000126;2
11979978000163;1
10623646000189;1
27208138000137;1
21873866000187;2
20953509000166;3
11088993000111;1
14730000000313;2
17680342000100;1
18178998000184;2
22340009000184;3
11842613000192;1
09382927000108;1
05588236000104;2
03995452000149;5
97542560000100;1
07852447000138;9
13498861000193;2
04116842000164;2
13603534000154;41
24206617003222;4
21873911000101;2
24523276000112;2
03624439000183;21
70122023000154;3
00554520000146;3
19691925000154;1
26028091000167;1
70109277000132;1
24078127000191;4
09382946000134;12
21764715000190;3
10624635000113;4
09175773000183;2
12105063000191;1
03699473000117;1
14241677000126;2
07455016000138;2
05620704000180;2
07209477000120;1
15723813000187;2
12224894000182;1
28112865000169;1
13275336000109;9
17138131000132;2
09260831000177;12
26829160000131;1
19558037000168;6
08596609000187;3
20763618000110;1
23124122000195;1
01524627000104;5
09358430000154;79
17096062000141;4
35408525000145;1
18113863000130;1
26463649000132;1
10682541000109;1
10503091000131;1
21416908000150;2
13371889000165;3
13047927000129;3
27087877000118;1
13344533000132;4
21833149000121;3
28089550000148;1
24285435000198;4
35588102000154;50
10211921000157;1
07856549000121;3
27325209000181;1
08938412000260;1
01222778000108;7
21083552000180;1
10993935000170;3
14659638000143;2
05761565000105;13
05096577000162;2
13440646000131;4
19539239000162;2
12661847000104;8
05914425000120;3
00789655000190;1
25343668000162;2
27360805000100;5
20925610000103;10
22570237000140;15
21208955000109;1
11554795000104;1
02467370000169;1
02568265000116;1
19472538000127;4
01142517000188;12
19580923000198;39
02907234000142;2
03627092000122;1
03844196000199;1
04358604000165;2
03091862000165;4
03923742000187;3
17560267000136;1
17844188000157;2
22898590000154;2
38046843001416;3
14529644000186;5
17622966000163;1
27344376000170;1
19802753000149;3
28307941000191;2
27545544000195;1
23319899000105;1
18442972000100;1
09304606000195;3
09508579000172;1
15797712000150;7
09353418000157;1
25276034000134;1
12040718000190;43
02799507000182;1
14484434000119;2
06139666000101;10
24976859000107;19
05424439000165;10
11064269000158;2
70119318000171;2
19782284000143;2
22769247000100;13
05368938000182;1
10667670000110;8
26557235000172;1
06206648000103;2
21308047000197;1
08766222000121;4
16501916000165;18
26778044000130;1
14256609000130;3
27228607000180;1
14977470000114;4
15144201000210;1
18342979000141;1
22436855000100;4
20872639000174;1
07884431000107;2
28310160000156;1
23268867000128;1
07220883000194;8
11748883000139;1
04499351000140;1
21873440000123;2
05878120000100;1
20185504000130;2
10973009000132;3
17730439000172;1
09470804000129;9
05757746000168;26
41124629000120;1
14854969000134;1
27488427000137;1
15686897000126;1
24720186000111;2
17555572000130;1
19563206000158;1
06329982000146;2
20060704000167;1
24317352000133;1
26726318000148;1
09024587000143;2
04675421000173;3
17744883000147;2
21424424000153;1
04289958000103;2
02974662000198;7
13071522000126;2
06052003000236;8
18451213000103;5
18888021000150;2
27863014000195;1
40964066000116;49
11611189000175;1
10552664000117;2
26090641000178;1
24105306000170;16
06132785000132;7
07652462000132;3
17341905000128;1
17319270000162;1
11219742000129;1
06007901000272;1
22808594000102;1
04363021000122;26
09063710000135;3
02539830000117;1
19627394000130;2
24040526000163;1
13424947000171;1
03222596000162;1
17367890000177;2
13721368000190;2
21022573000196;1
08510814000188;2
03120645000237;8
12797900000190;1
23684213000185;7
26946751000199;1
06980997000170;1
28127906000190;1
22446361000107;3
08317711000104;1
16491781000102;1
59233783000104;2
20893292000146;1
10359279000158;9
07841319000199;1
00833150000186;1
11462531000112;1
15344221000154;6
17935296000135;2
17609476000127;1
06128080000141;5
09206531000100;3
35491257000178;2
27620583000100;1
04154608000202;3
11991494000130;4
08247458000151;2
08520434000124;1
24263536000168;2
27538196000129;1
05979743000179;1
26305794000195;1
01511184000117;12
26775495000114;1
03546167000140;15
19795654000187;2
05286407000140;1
00702941000177;1
11360978000180;1
07205284000100;2
23948743000193;4
02795095000102;1
18643656000198;2
05316816000142;2
00958548000220;20
10144577000120;8
07908423000153;1
17423250000137;1
27384763000130;1
02558157000162;1
08438654000103;18
21667577000121;2
08842643000194;1
03808036000194;14
12418191000195;1
11966359000134;53
12309161000140;2
13159194000114;12
14879984000137;5
04969612000148;1
05097276000153;1
26764673000101;1
02734229000185;2
20886138000147;1
18145255000108;3
07324070000144;22
11503915000136;1
15425527000135;1
08824755000112;2
11523210000180;1
27058559000129;1
18933138000109;6
09375680000100;1
23343424000154;2
07163361000106;1
14140752000162;17
23517132000190;2
08191497000184;1
05848089000164;4
13146032000141;1
06081245000177;1
19979363000149;1
27645184000101;1
17902365000104;3
19666390000161;1
21929734000120;1
03936626000100;16
24467293000180;1
25084113000143;2
04709243000154;16
11886312000160;3
17645592000100;1
10835605000156;2
21607594000173;1
10986993000176;1
23723502000146;7
08888299000174;7
13676954000160;1
24544987000173;5
02575103000296;2
11403513000160;6
19613487000106;2
27264304000112;1
14976728000168;1
06950839000177;2
15305268000109;1
07746479000159;1
02305827000139;1
12058073000113;2
13178052000102;1
41205303000128;7
61074175000138;6
19065543000115;3
24905894000127;1
07476290000193;2
03357949000131;5
35486075000109;1
13129763000189;3
02368809000104;1
10391981000107;2
18290135000102;1
27685046000148;1
04358477000102;1
27223369000110;1
13292858000119;1
17458507000196;2
07468837000109;2
13379517000185;1
24362561000107;1
18457320000130;10
12076497000100;4
23027959000116;4
10592570000171;47
17330098000148;1
13754563000117;4
17631583000151;2
15253695000190;1
18474659000145;5
17814382000190;2
07565272000188;1
15282905000179;1
70101514000119;1
04196262000124;1
23384632000100;2
05881170000146;19
15516050000101;2
10173830000174;1
02232265000140;2
19539921000155;2
11753922000196;2
19485769000175;2
42194191000110;4
10427090000155;19
17227796000112;2
22139304000177;1
06224321000156;21
11602282000113;1
23960587000186;2
19550249000107;1
19088045000198;2
15029990000168;2
26221054000170;1
00825399000140;2
22465640000100;25
19977568000195;1
08922871000174;2
03086586000147;1
20228830000188;2
11757934000199;2
15867306000117;1
13895847000123;1
04827789000100;2
12001404000189;1
24059076000150;3
21976041000198;1
27161526000100;1
07306113000169;1
02918631000110;1
10197914000148;1
09281059000170;2
23587584000149;4
17010465000126;3
17496774000158;1
18007154000170;1
18369916000189;1
24284804000128;2
19668818000105;1
00642923000147;1
03226369000105;1
07115003000110;1
05620647000130;2
04352312000115;4
17523166000195;1
24144395000164;1
14894788000131;3
05951119000163;2
17290835000126;2
16097417000154;2
22608457000116;1
14843980000107;1
04390476000137;1
06166141000165;1
05521929000180;5
19881445000156;9
08808826000193;11
12258361000111;3
18694073000196;2
19367885000190;2
05316165000190;5
14346642000151;1
18044711000123;6
24376241000106;3
18071835000106;5
09156209000113;3
17455837000128;1
23654255000173;1
05437369000180;2
05158387000122;1
12801032000175;1
12948093000160;1
05011743000180;1
07553129000176;145
24834874000102;1
29056441000197;1
12431437000169;1
01660147000170;3
17505218000109;2
21652051000178;1
28460214000160;1
42799163000126;4
12601723000125;2
01993341000178;1
22986386000195;3
04806084000106;1
09326289000108;2
08741757000148;2
19573469000148;2
04923050000100;1
23702667000131;1
27249065000121;1
19647521000163;3
27026435000161;1
27593027000191;1
07694009000270;5
17340468000128;8
21850509000101;1
02278198000103;1
03735897000190;2
17056778000115;1
10649272000170;20
01721920000161;2
10678292000170;1
07608518000151;8
20401457000115;2
09330331000164;2
05475312000175;3
04236823000171;8
11313411000153;3
26932916000173;1
06121823000151;3
26456440000141;1
28228137000117;1
35431774000151;1
13885516000102;2
07908269000110;1
18075785000127;1
27706220000191;1
11609664000179;1
25859962000121;1
27915846000108;1
07358710000137;6
14968974000178;10
11271447000111;3
19577368000145;1
10768851000132;5
26573007000196;2
18204110000130;1
27218985000182;1
17493076000107;2
11118954000110;2
18798945000166;2
15160493000102;2
09018147000183;1
19540817000180;1
05685412000398;1
24306214000159;1
03372105000160;1
19386603000100;1
18974947000169;1
09352634000188;3
15002982000128;4
12461865000134;9
14730842000103;2
23676402000106;1
24206617002099;3
17163797000140;2
04464449000161;9
00374838000145;5
24108701000107;2
20288800000167;2
13706521000100;1
27143812000142;2
01752306000167;3
01194970000138;1
06912821000180;6
10286009000164;1
41197781000133;1
05675713000179;4
05139168000104;2
27489181000118;1
24380578000189;1
13443687000181;1
17173883000134;14
12810943000169;3
17721542000156;1
26548698000178;2
16891846000107;1
16941141000149;1
04888826000190;1
05625227000146;2
23013588000113;1
06128655000126;5
18430506000104;1
26912001000104;1
18144638000161;1
10438425000130;1
07845051000163;10
41118605000169;2
22339205000139;1
40782468000108;1
22427422000180;1
11468154000129;10
10736165000180;1
02343144000176;14
08973569000145;4
13628137000137;1
10823380000118;1
00463305000130;1
12152432000105;2
10841450000160;3
21117496000158;2
20299643000195;1
10727334000115;2
21399398000150;10
09382839000106;2
20533368000122;1
24001263000183;2
15102028000107;1
26665375000164;1
16896799000186;7
23708210000134;3
17084166000136;1
24644790000106;11
13231742000170;1
15583583000106;1
18107693000181;2
24901940000110;1
18569391000125;3
12791800000157;2
17708601000156;1
18247159000170;2
03799819000159;1
09582277000144;1
03426930000108;2
02104931000165;1
05351329000110;2
21687453000108;2
07793588000127;1
21557583000126;1
11659295000129;1
06065186000143;1
14645332000138;1
07669522000120;3
20185365000145;2
27228401000150;2
08924193000189;1
07384632000145;2
23157682000146;1
26945298000104;1
08188365000101;1
10799888000128;1
21227963000100;3
10279041000112;6
11274931000102;3
07020021000118;2
27848692000189;3
13416446000143;5
17542105000175;2
10518667000134;2
17366181000177;1
10261377000158;2
13990525000163;1
24222267000191;6
01405493000102;6
19669236000143;1
20199244000152;1
18785851000152;1
19867390000120;1
04602789000101;1
01857253000149;1
26678180000159;5
04216059000172;1
03105963000148;2
21758558000100;2
24103251000160;20
24279655000109;45
04096347000130;2
13095574000132;4
13815373000162;1
27315436000126;1
02425806000157;4
09378185000147;4
27371401000104;1
02224344000100;1
20442360000150;1
14114779000180;1
02261838000164;2
15199027000122;1
18246641000196;2
21062777000150;125
05901771000173;1
16382377000192;1
04461391000100;1
20871444000100;2
17620745000156;1
09599747000182;1
05128112000146;3
13564759000149;4
11188272000183;5
10505076000122;1
26678115000123;4
16891097000100;2
15329765000147;1
27232365000106;1
15512095000108;3
18228092000127;1
04770238000661;4
10526490000118;1
19926909000101;2
11999449000121;1
14732438000179;3
23740717000175;1
10591868000167;1
05249046000162;10
15516852000103;1
09555081000160;4
28890363000169;1
18024639000172;2
22449446000130;1
16747441000191;37
07267889000117;1
24143563000105;2
29076065000100;1
14096844000192;2
18894877000139;1
26736616000119;1
27623847000189;1
26937788000150;1
18276807000117;1
24600096000197;1
27753176000170;1
11566679000105;1
07651003000134;3
18716666000106;1
28490435000180;1
20949329000100;2
11145401000156;1
19481391000131;2
21649869000131;1
00983013000128;1
09942737000106;1
02699753000162;2
00402100000144;2
13778124000144;2
18562663000165;2
16737978000170;2
22919869000177;2
00439809000114;3
19749384000178;4
00829496000100;2
17495405000140;1
07886183000133;8
03361154000105;3
40979320000150;1
08927285000112;7
11459209000134;2
21185289000130;3
27741215000110;1
18688610000195;1
15331407000179;1
15044715000113;4
05793770000152;1
09087805000199;4
29057749000157;1
27141614000140;1
20885029000105;6
18491796000198;3
41200882000116;3
20234037000191;3
13063596000110;3
19607505000147;7
05329135000119;30
03840438000176;3
24504219000196;2
13578592000256;1
17615353000107;4
09512994000108;5
09365396000145;4
08290538000190;4
02912128000157;7
22149417000153;1
04679119000193;169
04272228000272;2
12033706000139;1
08164935000115;1
02775760000104;1
27031514000160;1
10245308000150;1
08374494000186;1
11392682000141;20
13358621000193;2
03080650000182;4
03705644000173;6
11287934000172;1
06203108000168;2
12910246000180;2
08503413000109;2
22799931000134;1
16491941000105;10
27087165000107;1
27752771000191;1
70107032000176;5
17758093000110;2
16434267000127;7
23594568000183;1
27684037000132;1
24513541000181;3
21893701000177;1
14602223000133;1
14109757000122;3
26322630000176;1
20235956000180;2
08310625000323;11
27585941000190;1
26802226000108;2
00828906000107;25
27130539000111;1
27646211000152;1
24726321000136;13
07173421000163;2
27569869000108;1
19243759000123;1
11317808000113;2
03758113000149;3
16880138000162;1
19471613000135;6
03680663000192;4
04456866000162;2
04901321000118;2
18839573000179;1
03723339000295;1
05596009000120;1
11621731000170;3
23970937000195;2
21891011000189;1
16755108000124;3
19374723000189;9
20146161000103;1
21649469000126;4
22370871000130;4
17155539000112;1
14722269000196;1
27287431000137;1
03336929000184;2
22163732000135;5
10445253000122;2
08661972000139;1
18340377000155;1
27148902000126;1
18680586000148;1
70097530000185;1
05352654000106;1
70107990000147;2
13766616000110;1
09395620000141;1
08320251000246;3
15603060000176;8
21994208000143;1
22221059000142;1
08194270000192;2
07598119000157;2
10839436000122;2
10589150000136;9
14486497000104;1
12548470000173;1
00236193000184;2
14986805000160;4
06948769000112;54
02705910000103;2
19798557000148;1
01371104000175;1
12482803000109;10
26803092000131;2
11546399000127;1
05459594000117;1
13806635000122;1
27849795000163;1
22009162000123;1
26720174000112;1
10714416000125;43
05469007000170;12
03862365000113;10
11113667000117;1
12488390000170;2
07765488000197;1
12231215000100;3
12386373000121;4
29207018000140;1
12658085000189;3
03919466000183;1
09082111000169;16
05913968000122;24
23932757000119;2
14055950000128;1
27633398000150;1
23812213000113;1
17696181000135;2
07198918000136;6
20042445000141;1
08744768000181;2
22731231000108;3
26535882000183;3
12605160000143;3
22389353000168;5
24058556000105;1
15718526000189;12
23303897000128;7
09498450000120;2
40976334000110;1
23206468000132;1
27881519000182;1
21838336000106;1
05504160000191;12
13292356000198;1
03820801000191;3
15433798000213;4
26755145000196;1
09024439000129;2
07187827000103;8
28076018000196;4
02153327000129;4
09413345000141;2
12056838000186;2
14101812000138;2
12559500000147;1
24120232000141;2
26461718000179;2
07075415000173;5
08856937000175;43
09344201000261;3
19473880000141;2
26711643000137;1
13152629000107;12
08561026000110;4
27204186000157;1
22927449000132;2
08966895000125;28
20249408000109;1
14976228000126;1
16994670000100;2
26551217000183;1
03166237000135;3
08296658000102;2
02229616000164;1
08846230000188;1
05124567000193;1
26995269000149;1
22327445000113;2
00149703000186;5
26156923000120;3
19653164000146;1
05672519000130;3
70100425000158;1
26944308000189;1
27323438000167;1
22732871000132;5
41205725000101;1
27051326000102;5
18046303000100;1
06203898000181;5
09322830000100;1
08581621000118;2
24853787000100;1
26601495000106;16
03708204000170;1
17963671000150;2
07322518000190;3
17716589000121;2
19721981000194;1
05748217000106;5
10403325000179;2
08848483000190;1
26764403000109;1
06052003000155;6
07560261000105;2
19464948000126;20
24728470000134;1
12680302000137;3
25307090000199;1
28114128000103;3
09033742000198;10
02460239000170;1
27995817000101;1
23769499000100;2
05323723000145;2
18010767000167;1
41152398000169;3
22235200000166;1
02366416000153;4
17992219000117;5
12614193000150;1
09034805000120;1
20482262000147;2
14466615000112;1
10811590000196;12
10314239000190;1
15747087000132;1
15361228000184;2
27545437000167;1
14896242000110;3
14906443000150;1
04540286000159;1
04330689000173;50
04203988000147;4
27167258000133;1
15123689000119;1
14800017000138;1
09377478000100;1
12417544000132;6
14406225000157;2
09611872000160;3
27300518000105;1
20381795000132;69
11378761000106;8
11426166000190;77
21665291000107;2
22307296000120;1
12681460000101;2
07188203000100;1
27254483000107;1
03442101000100;2
10936545000168;1
12941878000100;1
05621575000145;2
14967127000199;2
26960827000130;1
24855353000131;1
02596872000190;5
26781837000109;1
19508212000102;2
12661996000165;6
17456087000109;6
10541486000129;1
10859287000163;1
03196316000199;12
12230158000137;1
18216011000179;1
11654899000182;2
19464889000196;2
21056793000130;1
09225919000158;7
15122413000116;1
19355709000138;3
01474483000129;2
11596010000158;2
28462823000158;1
26738254000103;1
08792028000110;21
09143181000180;2
14827427000172;6
35496595000100;15
14313165000128;15
68858539000110;1
26667011000113;1
04462326000191;4
17400162000110;1
11850289000154;7
07588558000189;3
17278993000160;7
09006625000135;1
17640366000128;2
04016281000121;1
10515626000194;2
08919342000111;1
08958421000131;1
26440011000186;1
22594155000136;1
08859704000126;5
22588236000123;1
00585424000165;31
04724352000140;1
24108367000191;3
03948826000175;1
09274369000167;1
00301402000126;1
12209627000136;3
11936072000161;2
09086406000103;3
14316462000127;2
06254473000100;1
26696933000159;1
27294886000180;2
24565555000149;2
04575374000196;4
41121328000143;2
17274179000178;3
26740367000135;1
04222335000105;8
05080790000186;1
05310711000186;1
09287657000156;6
09222369000113;3
27143385000100;2
27361675000112;1
26756758000148;1
23945012000194;1
09503213000100;1
17627616000190;1
97545946000175;1
14587733000189;1
21997155000114;1
05819505000104;3
15807855000104;8
05935592000157;12
09268459000145;1
17570757000113;4
13955637000183;1
15414722000160;4
01024347000137;13
21735969000180;3
17403746000149;2
06151734000158;2
27445526000131;1
09492800000141;2
11058784000125;5
18421772000162;4
12045434000197;2
17503076000132;1
11556200000141;1
14139627000132;2
17398889000100;1
24348443000136;8
17663247000190;1
27543994000149;2
19451131000113;2
09027815000139;1
07548130000102;5
02802578000197;1
19210207000119;9
07940834000126;8
19887898000190;2
09351925000151;9
03338459000198;1
11651443000169;1
10505772000139;1
14942811000116;1
18958649000185;1
07009208000110;1
02212119000153;6
14593336000110;1
59104422010384;2
24747519000104;7
09531524000183;3
04891279000100;3
12681870000152;8
04200779000140;2
18765176000108;1
24004306000184;1
20386014000100;1
12342094000166;1
05736697000187;5
70104344000126;33
24064498000114;2
08522831000135;1
19573653000198;2
19505156000152;1
07856530000185;1
41136730000100;6
28068002000131;1
19945541000110;5
02657269000170;2
07746491000163;2
09234399000140;1
13995794000112;1
17532237000116;2
02629116000110;1
01024323000188;1
10781394000116;1
27238886000162;1
20831599000112;1
12402703000125;1
27148210000188;3
22034686000174;1
26629703000177;3
23042619000164;1
20328145000123;4
11426731000110;2
12436983000192;5
09538127000133;2
14600206000167;8
24779186000197;5
12565771000105;1
02148988000166;1
27860458000177;1
18044473000156;2
07981750000130;3
07820380000150;2
27114368000137;1
17376878000129;1
18996856000124;3
18472805000101;1
03430011000280;4
06160338000197;1
02762939000119;1
07756777000120;2
10866320000182;1
04315767000160;1
07820567000153;1
13221600000121;2
04618968000137;2
05691104000103;8
23921349000161;1
11572908000196;8
21645432000120;28
09109547000102;18
19417110000181;3
10906080000283;1
04656212000182;2
19193272000183;2
04451626000175;1
27092177000111;1
08649000000129;1
11746340000182;1
17792380000147;3
17068144000182;1
41130220000117;4
24027704000116;2
01995587000189;1
13655818000194;3
13811726000156;1
41577669000128;2
23662540000136;1
06125670000110;12
03005017000120;1
19918905000173;130
26635344000160;4
19098462000111;1
08606071000144;14
13449594000164;7
21613341000102;1
16454599000173;1
15455658000165;21
21090705000117;2
13493236000159;2
03149182000155;2
22600014000189;1
26527668000185;1
00571908000155;5
03497373000108;3
26912043000137;1
09328635000197;1
15270669000170;1
13074156000169;1
17589104000186;1
26834801000146;3
13577092000119;17
05439901000106;3
08360893000279;1
70166350000299;2
22653008000190;4
17209275000132;1
10483375000103;14
07861144000181;1
21562215000176;1
05261502000190;1
09379025000112;1
23368934000186;1
04297655000124;3
19733619000133;5
12681342000101;3
17161157000100;8
17809782000107;12
02445490000165;26
02069012000106;2
02118641000170;1
15917960000198;1
27627526000152;1
26877166000184;1
41201161000120;2
11573450000190;2
13345679000100;2
04139525000163;2
21811687000115;1
21374416000140;13
27652096000129;1
12675294000130;2
10642498000140;1
19549873000186;7
23246832000198;4
12640188000111;4
13669621000104;1
19332221000195;2
09352634000269;5
11188207000158;2
00431274000488;4
17690649000184;8
26605730000100;1
07187201000199;1
13235135000188;1
27380620000150;3
27508032000159;2
24214041001897;2
17271757000112;1
23497320000102;13
18053210000103;4
17992051000140;3
20746768000116;1
13019598000102;3
03168519000171;1
01939439000147;2
41219007000186;1
04459946000171;5
07393677000186;1
27457088000121;1
05061687000199;3
12587605000100;4
11500957000113;50
17465911000197;2
12488358000194;1
24334145000197;1
16994727000171;1
09215807000116;35
16366391000100;2
13744454000119;1
07264280000194;2
24665236000105;2
21646036000117;2
21184051000190;3
09341462000147;23
02221116000429;4
09074443000100;2
10746626000286;6
25986071000136;1
21495470000143;1
19767098000135;1
04830606000105;3
18709157000156;3
00958548000904;5
05243289000193;3
28011357000194;1
20838794000174;1
14289959000101;3
14745112000186;16
20181745000101;1
18547287000130;3
03757786000184;6
35588664000106;1
26714729000113;1
26959035000146;1
03203151000135;1
17109704000108;3
28054239000163;3
04520795000110;1
17852561000111;2
26958632000156;1
25204537000102;1
24173719000192;1
26946256000180;1
10308192000151;1
10509186000162;4
13667220000115;1
19236792000126;1
26967226000150;1
12608329000119;1
00448986000167;1
07609311000100;16
07604265000148;2
26780459000149;2
24194484000115;1
04751944000151;6
04934590000180;2
14680187000126;2
19161889000117;1
27411940000120;1
15614368000117;2
12270696000155;7
01556433000190;1
19290502000122;1
26852703000131;2
17338053000110;1
17499293000104;2
03723614000190;1
27135297000159;1
14834325000184;2
12817758000104;4
79805263000128;1
24029138000181;4
20371998000148;1
08471219000180;2
05035768000114;1
09326614000132;7
17473636000153;2
26199788000109;1
82301789000185;1
09553687000167;1
19990060000127;2
22109422000132;1
24680070000104;1
05784058000197;3
19811545000106;3
27946290000117;1
12756492000129;1
23960485000160;1
10331760000135;1
17185847000190;1
03332535000158;1
26513238000104;5
28119893000108;1
25209793000184;3
13160859000100;1
21187875000114;5
08757221000110;3
24147649000106;1
26674747000119;1
05253747000175;7
08169340000152;16
09144050000117;2
02875842000112;1
02700617000145;2
21891225000155;2
18026495000193;2
27161860000163;1
18296153000193;26
19081805000135;1
11152901000115;1
12889340000102;3
24127572000102;15
09157136000184;9
27557642000142;1
09189517000498;3
17460566000107;1
27508292000124;2
20559716000130;1
15364149000127;4
26534777000120;1
10487632000185;1
04709948000171;11
22392927000157;4
23650729000109;1
16783505000100;1
24688428000137;4
09189517000145;6
24868172000140;3
12423070000131;2
27320785000136;1
07278981000182;2
21645724000162;2
14146835000169;2
11080674000160;3
01722296000117;34
13348994000183;1
14302773000137;1
10710555000180;12
13285726000160;1
19756877000135;1
13652261000138;1
26551425000182;14
13935235000117;1
11972188000156;1
24803189000119;1
27409605000197;1
19870253000144;1
12620381000190;1
03242250000126;5
11602087000193;1
21558601000194;4
41198920000143;1
28474356000186;1
06317958000197;2
11572614000164;1
13898391000155;2
11902871000117;2
15651083000156;1
18336312000136;1
01230394000137;3
21801511000182;2
08599788000106;2
17754733000114;10
17584354000123;1
01939442000160;3
27226960000120;2
17894382000147;1
05340639000130;1
17317121000164;2
17541878000137;1
16759351000110;1
14132150000163;1
23626694000172;16
23284428000109;1
19719088000124;1
10564438000156;5
16656205000160;5
08877989000128;1
17598162000176;7
10791586000103;1
22265371000138;4
04456622000260;2
27565767000114;1
24821103000180;1
07928882000107;2
22871132000121;3
09353780000128;5
35503721000107;12
11028345000170;54
04119639000141;1
09235615000171;16
18016856000110;1
13398975000161;11
17707903000100;2
02296264000321;1
11319653000154;6
41116302000107;1
19289165000153;1
08090078000156;1
22971801000137;2
11054242000184;44
05811846000125;1
10756694000145;9
08170630000116;8
11570150000157;2
08965403000187;10
27825591000192;1
17364800000194;8
02487930000147;1
08790792000319;4
00431274000135;2
19161403000140;2
16516409000103;2
02945794000191;4
17892706000108;26
19572448000108;1
11108858000190;1
08766483000141;2
17312837000179;7
27979990000108;1
26474579000118;7
19288388000104;1
07486876000139;14
23966076000171;2
15334991000116;3
19562009000114;3
02844932000146;4
40961617000198;1
08604460000130;1
26420407000161;1
35424985000167;4
09193047000193;77
61198164000160;5
09478023000180;158
19765002000108;1
27100911000147;3
03648940000180;1
09238207000173;8
21730033000167;1
04846300000147;1
09632333000108;25
08605487000148;2
17921798000107;4
17020542000129;14
15665345000131;1
07905412000110;2
06890277000113;2
22819997000149;1
24483944000125;23
06926016000106;8
08298013000109;2
27216000000180;1
20228009000161;2
19876823000103;1
26742301000184;1
13701816000194;1
06177525000183;2
14595773000172;1
05375249000103;1
19371554000123;1
27469169000141;1
18110143000111;10
17651770000105;10
14102427000105;3
19531807000189;2
18269438000135;1
13104592000133;2
11392794000100;8
15024349000130;2
18862806000154;3
27405124000103;1
20182641000111;2
27625133000100;1
27169379000114;1
07964777000115;1
18110493000188;1
20693777000196;2
07764918000237;2
08283856000123;4
04063441000193;17
04452489000193;1
24214959000198;5
26973386000101;2
23731522000169;1
18004407000152;2
19509703000178;1
11873220000146;3
04064715000169;1
24511103000184;2
12669912000130;1
07190090000170;55
03426712000165;1
18964131000154;2
21778760000102;23
23774825000169;1
02041607000145;2
24175164000118;2
26878052000159;1
00797774000195;3
10493078000149;4
08571770000104;2
03092570000147;35
19909727000114;8
07030427000181;1
13717870000128;2
27436767000114;1
26561540000138;1
70111257000287;2
27905477000172;1
27650690000180;1
20362783000160;2
09402406000175;3
22630759000190;1
27896197000145;1
12538956000120;7
11128829000190;1
11770881000146;1
09028744000199;8
07245561000108;1
20369950000103;1
19511144000130;1
26844772000101;1
21331031000103;10
05901771000920;5
27232098000169;1
17929554000170;1
10175059000174;1
12923447000111;2
24201527000142;1
15689756000167;3
24448420000101;1
22882568000116;2
13730907000158;1
00728164000130;1
20627681000120;15
28266737000170;2
09129719000100;1
19522381000105;2
15640779000187;1
06917192000181;2
09233339000102;10
18988344000116;1
04698651000158;1
02349762000123;3
27079872000143;1
18782958000147;1
15610424000145;2
22634395000117;2
27215312000179;1
14528882000177;15
14455769000109;10
03480719000165;5
10409559000123;2
26493356000106;4
05078207000100;4
00597918000160;3
17584377000138;1
16912699000104;4
23713948000190;9
13398836000138;2
19463977000173;11
10482492000152;14
17032198000198;3
13922872000159;4
11927173000176;1
27612041000195;1
02575485000177;1
12770006000127;4
18300337000180;2
12293710000136;2
22160093000154;1
05008240000156;1
20874884000110;1
12920377000148;2
11694262000110;1
23105219000150;1
11011545000110;17
19917460000107;1
08297988000104;2
05925760000395;1
26048385000150;7
20856087000100;1
07277279000102;2
23246525000107;3
05724538000243;3
14458946000100;1
24257995000139;1
11942071000120;3
25151738000180;1
17969870000176;1
12067878000123;1
19623838000160;1
24334596000124;5
26980740000125;1
10571183000159;1
18696675000182;2
25307227000105;3
14424529000147;1
09208783000178;2
13564369000179;1
20735610000140;2
22226670000163;22
18783564000103;3
05621315000170;1
24551055000158;1
02330783000105;2
19400787000107;1
15752774000146;2
19663273000144;2
09050124000156;19
24649557000116;1
03129516000129;1
23992966000158;1
23550211000101;1
19507143000112;2
10658582000151;1
04855533000106;7
22181266000110;1
24501462000150;2
13302040000130;1
01288673000151;7
08637636000150;1
03168520000104;1
24649699000183;2
26696851000104;4
19627909000100;1
10624822000105;1
15412945000198;3
17460374000192;2
07832591000102;3
27779389000171;1
21874057000190;2
21645621000100;1
22220953000106;2
05567646000179;2
17729004000108;1
04420916000151;1
20721561000197;2
21318384000165;4
26832111000158;1
21095734000171;3
18127470000186;15
18557568000173;11
12908752000134;25
04903838000146;5
17112378000180;4
28027741000185;1
07338142000102;15
06328947000102;14
06212960000100;2
14173768000171;2
16721146000166;2
27730634000156;1
26862173000102;1
17691935000164;1
16613449000165;1
23353078000195;1
24502049000100;8
17286874000150;1
17496261000147;1
20470550000181;2
28524954000112;1
21858652000131;1
12243938000111;3
18221482000175;3
06317686000125;6
08714119000138;1
19321763000162;5
07818323000136;1
18298682000126;1
03308710000171;2
40787152000109;181
13306497000112;1
12115255000189;1
27283004000180;1
14254710000152;1
10744571000194;11
32569261000202;1
01693797000112;2
08222560000100;4
11509214000104;1
12326384000116;3
14142259000181;1
01995601000144;1
19340887000195;8
26131521000171;1
21047489000127;1
26874284000139;1
26946997000160;1
11297019000168;2
23053589000191;1
13777997000132;1
08674752000140;65
09560267000108;22
11463794000146;1
02556015000166;6
27274938000156;1
03730817000103;1
21589671000100;1
13095639000140;2
26849367000178;1
18452632000151;2
10756856000145;1
19955583000132;1
11495079000276;1
21652206000176;2
40938771000149;3
26565369000135;1
19154357000152;1
19197083000189;8
19407191000139;1
28041544000110;1
20290704000153;1
19832881000135;1
15705860000106;8
15269317000103;1
19711452000100;1
11224103000151;1
10771856000114;2
35715234000876;51
09175028000134;2
10951333000150;2
20757322000197;21
08833798000164;2
12682118000126;1
19504014000170;1
26718832000131;1
13033569000103;7
26113949000191;2
11941293000128;1
20048622000105;1
12537074000140;1
18244951000171;1
26520926000100;7
19589612000190;2
02737867000230;1
13198647000111;1
24532231000104;3
23853956000131;3
02186341000129;1
18232362000173;1
16743438000108;1
26990240000174;1
16706824000111;1
20167109000125;1
27031526000195;1
27450326000177;1
24204721000181;1
02737867000150;9
27058531000191;1
23276327000196;1
27924568000155;1
26787203000163;1
17389592000188;7
01506702000104;2
14367878000174;1
02607227000125;5
12272237000100;1
20440321000114;1
10670950000187;1
70108238000110;20
02896042000188;1
20853878000187;2
14962133000153;4
26070956000153;4
22284744000118;1
26852005000136;1
09379442000165;4
19485557000198;1
14265552000136;1
01895931000168;1
12939807000173;3
01612238000130;10
07855178000163;5
09463736000170;1
16558874000107;1
21391428000182;28
07349775000116;1
18809674000105;1
35494616000140;14
08269460000121;3
23689143000158;2
17505559000176;1
10372171000103;3
18408608000115;1
13109678000159;8
27018012000108;1
08850034000187;2
00673834000168;6
18852068000164;6
24116337000127;2
08949286000168;7
13328542000130;1
07905902000116;1
28452039000169;1
17949185000188;1
19844321000109;1
02662464000199;1
05932624000160;1
27224838000115;1
14183931000187;7
21497154000100;1
18637837000101;3
27031562000159;1
26342270000174;9
27835229000100;1
20211679000175;1
01646717000178;1
26704521000113;7
19675293000135;1
12506832000163;3
19888037000126;4
10755939000110;7
21735689000172;1
70094628000189;1
24462792000184;1
27114262000133;2
17522596000192;1
27031550000124;1
02437370000116;2
09117897000102;2
06267222000151;9
70097282000172;7
21652969000117;10
07156006000100;1
11601558000149;1
11183710000110;3
04971410000130;2
01571791000172;1
19854079000146;2
14739140000190;3
23681584000103;1
14988601000169;2
11414798000134;3
23706512000173;4
17340588000125;4
04768789000186;2
08886103000102;1
17623821000187;1
18122938000140;2
03213596000104;1
16809317000103;4
08655689000102;4
15607428000174;2
18668305000131;1
22129675000178;1
23544213000180;1
24483334000121;1
08156609000166;1
19605321000148;2
21848689000189;3
04453838000191;1
02803686000184;7
11174006000100;1
03922350000101;1
06172643000107;3
27308909000168;1
19625651000103;2
27620207000115;1
03705891000170;1
20181324000180;1
24878056000101;1
19529891000104;1
09180145000196;1
17677742000159;3
18140757000146;1
07520842000113;2
20344229000150;1
15383101000166;2
27124203000146;1
27088385000147;1
27638169000128;1
13173140000103;9
27351126000167;1
11970204000171;1
10268333000150;1
26777549000180;3
40982852000146;1
18076815000110;1
07140878000171;2
18602587000174;1
18052510000178;1
05453608000276;1
11894771000196;13
11544094000186;1
01789822000166;13
14096889000167;2
13426195000188;1
08309335000106;1
12301419000162;1
13928794000108;2
21651576000199;2
28389665000158;1
21929316000132;2
12679890000199;2
24119232000121;14
03259614000180;1
15987562000148;2
13523802000128;1
04420916000828;8
10399218000114;1
06228748000122;1
09100817000106;1
02698253000106;1
26755507000149;1
11271447000200;1
02357251000153;1
07501594000163;1
03069886000118;1
21257374000167;1
09685217000157;1
19447360000164;1
27991368000115;1
01452794000197;1
06696359000121;1
07689762000196;1
20101716000192;2
15329604000153;3
19480820000156;2
12293017000163;4
24288649000118;4
28428797000141;1
04114868000173;2
03092570000813;2
07239645000120;44
08473124000104;2
05765913000112;14
35501329000110;2
27630914000192;1
05305148000158;1
16355380000117;6
09196974000167;126
20385358000197;1
24216756000130;2
14146007000120;2
19401268000163;1
03177325000132;1
19379345000126;1
08928282000101;1
21687164000109;1
20672954000158;2
24632660000153;1
22656799000101;2
18890273000114;2
17517638000105;1
23647365001007;3
13990321000122;8
27650911000110;1
26773894000146;2
10353883000177;2
27300739000175;1
24216493000160;1
10725652000147;1
16943260000130;4
11147190000190;1
14426533000144;6
12884073000172;1
07343514000199;2
11192559000187;8
21873613000103;1
03965517000103;56
08635878000105;3
40944878000108;1
17601237000120;2
26933053000159;2
21641789000130;2
26883524000161;2
07605255000127;1
03365134000102;45
04152874000115;11
08634184000153;9
08701149000100;1
27934867000170;1
26887534000175;2
12685646000139;4
15210019000130;1
20281854000109;1
18459406000100;2
11308879000150;2
14971948000107;1
07174778000166;1
02898097000127;1
06628333000146;2
17403566000167;2
08061304000170;2
11968703000124;3
05778809000162;1
02378124000130;2
10815551000167;3
09368464000120;1
24531768000150;1
22320701000140;1
22994504000107;1
26888873000176;1
01568077001954;1
27378269000162;1
23982439000162;3
04111887000146;3
11110214000137;2
28232442000182;1
01945192000171;4
02035769000170;6
20693548000171;1
26259008000160;1
09301071000107;1
24558478000108;1
18558644000165;1
09333556000174;5
12131478000130;3
07936090000176;73
19693808000120;1
01091310000121;31
07909631000177;3
21784290000181;2
12936373000158;4
17421938000188;2
17500393000103;21
08771318000188;8
17789521000172;1
24899563000121;1
19904691000186;2
21997349000110;1
21977935000100;1
27636371000110;1
03402178000157;9
09624643000180;1
25110608000108;1
27376081000185;1
13195269000112;1
05471862000116;4
23119362000100;1
06974840000131;3
14585175000112;1
12615753000190;2
19946460000135;2
03099902000115;3
21624201000130;2
18337946000103;1
17431050000126;1
07210597000148;10
24222762000109;1
26908975000106;1
13914610000142;8
27011297000147;1
28036939000125;1
19563523000174;1
27837032000100;1
17391732000152;1
10831701000126;270
08773990000102;1
27822547000129;1
09225635000161;2
02830307000145;2
17194528000141;1
19727372000142;2
08370620000124;2
07744727000122;1
04469133000162;2
27085961000100;1
10650840000153;1
02648013000105;9
14641623000158;1
02830307000498;12
16752736000156;3
10897859000107;11
19595546000160;2
08944346000150;1
22365914000199;2
09225665000178;6
13452819000131;1
11084221000101;1
26204046000116;1
26754111000187;2
08768310000162;3
24059566000157;2
27150530000172;2
26580268000133;2
11719241000101;8
13234941000131;2
05445711000193;14
26881810000198;1
27061635000155;2
09285040000100;2
16417577000133;12
17215170000196;1
20181692000129;1
26744305000100;3
06117074000199;2
35578194000191;1
19713430000189;2
11917018000179;1
18661279000110;8
10221618000135;1
00497918000198;1
01945326000154;3
03817043000152;72
09359096000153;2
07485803000122;19
27207909000171;1
59231530000517;1
26625100000105;2
10651944000182;11
21923095000195;2
07535056000190;1
15418732000173;1
03817963000170;2
10746994000143;6
24165686000139;1
26781189000190;4
08640533000140;2
05828978000160;8
21850133000127;1
27781918000171;3
26764093000114;2
04076245000153;5
14691016000100;1
21726422000119;1
26464593000130;8
10609902000183;6
23679453000191;1
04653602000107;2
17593986000153;1
02778480000141;1
13641449000180;1
17690758000100;1
17779846000174;1
13364768000196;9
27314735000146;1
25901842000145;2
22319912000163;1
11663562000131;1
27123627000196;1
20190067000143;2
04935576000100;5
14655020000105;2
14606967000126;3
04866656000223;2
22626813000124;3
08235669000174;1
59104422002446;3
15479395000124;2
92981752000107;3
12250109000166;2
21772414000109;3
27404866000114;1
08297855000138;1
02714801000144;2
09323098000192;1
27014682000148;2
01034997000163;23
10931054000124;1
27637490000198;1
35715234000108;10
13117224000120;1
01496690000184;2
00837722000103;5
10869038000159;1
09356006000170;1
19575472000109;2
12331729000120;2
14343196000121;2
19707100000180;1
27108537000126;3
08780160000102;4
16666762000161;1
19399819000100;4
15264136000186;10
24355745000212;1
08038921000155;1
23206987000109;2
05113157000147;9
08062033000178;6
07523694000190;6
07728490000196;1
18228333000138;2
06200866000122;1
28347107000120;1
14124894000136;1
14458081000182;1
16553128000112;2
27079879000165;1
18561700000110;6
26985319000107;1
24773851000135;1
28187183000115;1
13511368000166;4
27498437000153;1
07804258000190;1
19332487000138;3
27653352000100;1
17614228000174;16
10507466000131;5
18807992000129;1
18284623000107;1
07931072000100;3
08791626000175;7
19835542000102;80
18942463000138;1
07177559000130;3
21687347000124;2
26873236000126;5
12085495000188;9
01869998000128;3
10557524000131;6
04132405000134;8
24215436000166;25
26405052000131;2
27452966000116;3
20010332000164;3
24658170000126;1
24374302000198;1
18048955000184;2
14044361000144;3
09137879000192;5
17432126000138;4
14874745000194;1
11331932000133;1
27732236000179;1
26727822000162;1
12157126000153;1
23249038000106;1
17624571000108;2
27189824000108;1
11028769000134;1
21832724000171;3
27231914000110;1
19573597000191;2
00203002000188;2
17261115000132;1
07883129000134;1
26796477000119;2
11663656000100;1
24068387000186;2
00226324000142;2
05428496000112;12
26711793000140;1
05587629000101;1
07174787000157;8
02401445000109;4
03750630000171;17
27623980000135;1
03725658000159;1
10768851000213;1
23937523000164;1
12614101000131;7
26526738000180;5
20906528000131;2
35291038000145;2
21738421000194;2
09263120000156;2
70097530000690;7
21636341000128;14
16680578000176;1
20008880000150;5
01512944000100;1
23067813000102;1
18076552000149;2
15245651000119;1
02375199000168;2
28296916000150;1
12406844000116;2
28340837000107;1
18330655000193;1
27218910000100;1
13287304000123;3
04075530000150;4
08812285000177;1
01396747000173;8
24380578001827;6
04372852000160;1
01199960000195;4
04685950000158;19
13398887000160;1
27728398000133;1
20863529000146;12
24104309000190;2
12878533000150;4
02836248000112;1
11405384000149;5
28081892000111;1
10718163000168;2
20935844000131;1
05445990000195;1
18561494000149;1
09257995000145;6
10641999000101;1
17480508000137;3
27441632000147;1
06198597000107;1
13440933000141;3
09356131000180;2
18686193000141;2
04519901000145;3
17584402000183;1
27294870000177;1
20888470000140;1
28184340000139;1
01502402000157;7
27203588000137;1
16841931000152;3
17587492000166;1
18739858000138;3
10461975000170;1
22969211000170;1
07471421000140;2
27059166000130;1
10319650000158;1
17923503000131;1
11107114000151;1
11534870000167;1
08188833000130;5
11090407000173;6
13141076000189;4
14277159000162;2
06317042000137;1
12967090000173;9
19891257000109;6
19388239000109;6
08513512000163;6
35570969001154;1
03756073000104;5
07664671000104;1
12791800000238;7
27063119000160;1
21935185000104;2
03605046000122;4
18218614000100;1
19309328000112;1
19878579000118;1
22385606000125;1
04934819000187;4
21240524000120;2
12117044000185;2
18127489000122;2
13918556000103;5
11405446000112;1
27262035000155;1
06301110000170;2
11973945000106;2
13538115000186;1
40953200000183;5
27651869000152;1
27337536000153;1
20801203000194;3
09181050000197;2
07673929000120;4
17306039000134;1
01319761000173;1
35589456000113;1
22392927000319;1
16740470000121;1
27651292000189;1
27848085000119;1
26331344000177;2
15555612000118;9
17535296000148;2
04861804000136;4
19433111000110;6
12618864000150;1
07425736000150;6
23477000000182;4
21873510000143;2
27044196000172;1
11408222000164;1
23976882000120;3
04532250000123;2
15218561000139;239
18110206000130;2
20753393000111;1
09566352000183;2
59309302000199;1
24116774000140;1
03193685000128;18
26918952000182;1
01443988000126;2
22751736000134;3
20816132000101;3
23706033000157;17
24663496000141;2
27046402000183;1
22364744000128;1
17558221000182;3
08354961000106;1
05834928000195;1
21623623000190;2
07587953000147;1
09338884000163;7
28037940000174;1
03325436000149;2
20928363000107;5
24359736000119;1
07155910000192;4
11482605000182;3
09661370000144;1
11385793000120;1
11896538000142;8
03091844000183;2
28895245000143;1
27519367000172;1
16824004000124;7
35356369000116;12
07179175000157;3
15139976000117;1
22382848000165;1
23979286000102;4
18553266000127;5
10940971000175;1
03246587000101;52
70092275000188;3
10754729000107;2
22153394000150;1
19723258000144;2
24029862000105;1
27002813000177;1
08953354000162;5
28281066000116;1
09358458000191;7
21079247000115;1
22025206000109;1
22759235000102;25
21952310000186;1
20219843000190;1
08385809000190;7
22400349000153;1
08290555000127;1
20754575000107;3
21311286000104;4
10782968000170;4
18997118000100;4
06141761000140;2
74160490000120;4
24238631000101;3
16972299000186;1
12781340000186;2
19163474000182;1
11103448000157;28
11776834000100;3
08154459000151;2
24440618000130;1
19293019000100;2
40949927000197;1
61100244000130;3
19656539000121;2
13295700000100;4
27543137000149;1
14694380000116;2
17652103000139;1
26014694000100;1
27642387000136;1
07601872000154;4
08979250000127;4
10464359000173;11
21892400000129;2
10833520000139;6
05957633000106;2
26762833000183;3
09912207000107;2
20226497000178;1
21606894000138;3
10226284000192;1
06880674000104;1
22445003000171;1
11873349000154;1
07928893000189;1
24511222000137;22
01245572000101;1
11025492000196;4
27025247000119;9
24613355000114;1
18519471000176;1
14691006000167;7
17417928000179;3
17439786000140;2
24091766000197;1
24152948000120;1
22868821000187;2
05238652000182;2
10580684000100;5
09605345000143;10
27191928000157;2
27547936000193;1
09413618000158;1
13416461000191;2
20051202000170;2
26840950000118;1
12617171000143;3
27396452000190;1
41118415000141;7
27627615000107;1
06074050000108;1
03820742000151;1
10673639000191;6
19211844000100;6
08906165000139;6
27773477000166;1
20599845000152;1
27264174000118;1
27606109000123;1
22232746000163;1
20889942000180;1
11227736000113;3
17222368000105;1
10588317000144;2
19069429000163;5
10779833000156;63
07693147000153;1
10140642000140;10
14659675000151;3
10982518000121;3
23539910000142;7
27357767000129;1
08019783000167;2
08846966000156;4
00743049000134;4
17474640000136;2
21127085000143;6
27039466000157;7
18452154000180;1
27133216000181;1
24437252000140;17
27250163000189;1
26780813000135;1
09003237000109;1
12328544000166;1
21870877000103;3
09600404000190;21
04932750000152;4
04645732000190;1
18445761000112;4
27414409000100;1
06824439000115;4
21636315000108;2
24716970000156;3
27456811000158;1
11170603000158;3
10605445000159;2
26978665000168;1
17244133000106;1
22763480000185;12
10194075000104;1
23970491000107;1
14996563000196;1
11229503000150;1
04441785000199;20
00149706000110;1
07177038000183;1
13323372000109;16
18712529000101;1
07204520000165;2
07589638000159;3
02425829000161;1
08880421000166;3
26691875000170;2
22932728000194;12
08717719000150;1
70106513000167;5
21310127000187;3
17213762000179;1
27567840000197;1
12910493000186;1
07946761000180;1
19225950000142;2
11807734000101;1
14522512000122;1
05271602000105;4
40947145000119;1
10243877000167;1
17525366000187;2
21558668000129;2
16759687000183;1
03108142000165;2
05293325000123;4
00701754000179;1
00904339000112;2
22256081000128;1
15162219000164;1
18472139000101;1
21503988000181;2
13681814000180;1
01101954000234;1
20754417000157;1
14838756000119;1
08033646000187;3
03367790000136;2
26452277000149;2
23966150000150;4
02954973000195;6
28174707000133;1
15318530000150;2
10547961000174;1
08282077000103;8
16774892000118;4
26167716000171;1
26696850000160;1
13107244000110;2
12733093000142;5
13375883000166;1
08893146000115;1
08568354000149;6
07253881000100;7
11165847000142;2
26232677000149;3
20425271000104;3
13433905000105;23
02708211000109;1
19481182000198;2
20400493000164;2
07590039000155;2
17500847000138;2
18162014000177;2
66046541000169;1
17032974000150;1
09385829000124;1
11407854000103;1
11507532000136;1
16947179000129;1
03639159000149;4
27103387000168;1
22013697000178;1
02627856000117;6
19636757000102;2
07575881000118;20
03558548000140;1
24585801000124;3
17428078000104;34
20967040000114;1
08812008000164;1
24395873000109;11
24745348000176;4
27486114000140;1
04770238000580;1
03789726000143;2
02852277000178;1
01446726000115;1
27113477000130;1
27627313000120;1
10673625000178;2
75014167000100;1
07437295000107;1
04696443000110;2
16925732000122;3
21691484000132;1
19562795000150;1
09335805000160;1
17340620000172;1
11546401000168;2
24214041000300;4
05621913000149;8
70100615000256;1
23474073000110;1
10189101000106;1
19707121000104;1
10355211000109;1
05302544000121;1
13444642000202;1
27170167000157;1
04348588000120;2
04771599000118;4
13132610000190;3
10754517000120;1
14232777000196;1
26950940000135;3
09323745000166;25
21700277000105;3
08964735000147;3
28054686000112;1
17522595000148;2
18880026000137;2
18059677000160;2
07578973000151;1
18869575000100;2
11501948000147;1
05301712000164;31
40964157000151;3
04110643000149;20
17254568000131;1
22278380000163;1
10859239000175;1
06350303000110;1
08160290000142;193
12940493000129;9
15569968000100;3
19573631000128;2
03253000000191;1
03383563000102;1
16707246000138;4
05820995000150;5
18973469000172;1
21035418000104;2
08134975000114;94
10199574000194;4
19513299000106;1
12923249000158;1
00388857000120;5
26771850000187;1
23143281000137;7
26696843000168;2
25279413000188;1
08624244000157;1
03519868000190;6
26957082000150;1
07206389000175;4
02124653000108;4
25357170000159;1
41118654000100;3
17711924000107;7
08584448000101;2
17890884000108;1
03329565000105;1
10904784000136;1
28695805000116;2
15729546000155;4
10906080000100;4
23396408000120;1
02729584000166;4
19717401000195;2
11407343000191;3
03894963000174;1
10311810000112;1
26696743000131;1
21770408000112;1
11700001000165;13
19577544000149;1
21971041000103;14
16828098000100;1
41136771000198;2
22520784000111;5
07318707000190;8
03605056000168;12
22963183000183;1
07536979000166;1
23626430000119;2
11644534000177;2
07800739000127;2
24212803000178;1
19383262000100;4
41224791000110;4
04282557000113;2
22657840000164;1
12807643000120;3
15097065000174;3
17603098000174;17
19378769005305;1
18105275000155;1
18536972000160;8
17330989000102;2
00534095000123;2
21793288000179;1
25250450000163;1
07148726000115;7
03319986000155;6
08889774000127;1
26374471000153;1
07468158000130;2
28108360000120;1
27111484000100;1
02593711000142;1
08493422000158;6
23993232000193;1
14667880000169;1
12699083000138;1
09010859000156;1
11535642000101;1
27191823000106;1
05015356000112;13
12036266000173;1
18652084000103;1
27062419000124;5
13461951000100;3
19202588000194;5
17889069000110;1
28080016000170;1
15984883000199;16
01790923000157;3
28040527000169;1
07413544000124;2
26895731000136;1
27223363000142;1
19549100000108;1
08648287000172;5
22449434000106;1
13374547000107;1
10746626000103;10
02846887000169;2
01767370000111;2
09485318000184;11
21837593000115;3
10365444000184;1
12939278000108;4
10553195000150;2
18535959000197;1
19622995000150;2
17449268000108;2
17352290000135;1
10392501000114;1
02940722000151;1
23361549000107;2
11840303000139;1
26543554000129;1
00533151000105;1
06230862000197;2
19448462000102;1
21369735000167;2
17530871000110;1
13238341000141;1
14608278000231;1
25147154000131;3
20041284000171;2
14224419000131;5
17178059000177;1
14209485000132;26
19578769000110;2
21372241000131;3
07647018000129;1
24894742000176;5
26687356000139;1
11315021000112;1
24121055000118;4
15479263000100;3
05811515000195;1
27252696000108;5
24221343000144;2
08529859000102;2
19711427000126;1
02188544000154;2
07610822000133;3
20000625000160;1
04182088000160;2
26101914000132;1
13266023000194;2
07844961000121;15
16603412000156;1
17428692000176;2
40941544000172;3
27019955000147;1
05799335000135;1
09303454000106;15
13207326000136;27
22456063000190;6
23280144000144;1
26425016000130;2
19572881000143;2
27177221000196;1
06001743000162;1
24127058000169;1
13160884000193;1
23659579000102;7
35503556000185;10
17360497000151;1
03108865000164;1
21041234000157;1
07601833000157;1
19509455000165;1
21726407000170;2
14402326000150;1
07496413000158;3
21547317000112;1
03500830000176;38
20000362000190;2
03330150000151;11
11991148000151;24
19211006000136;3
25157541000159;13
35496496000110;3
14286957000150;1
14781418000198;1
26071567000142;3
18219575000165;1
26143332000119;2
10763027000190;2
23334689000196;1
19694997000155;3
17540509000120;1
04401333000183;1
09295611000189;2
13530880000150;2
07123473000125;2
17543709000136;2
22379299000170;1
24641357000117;1
02357637000165;1
00821449000110;1
27719170000187;1
21915637000188;10
22657212000189;1
14357022000118;1
12710916000114;176
19618824000158;2
27463849000158;4
10485989000124;3
03660948000161;1
02573788000150;1
17496030000133;1
05761557000169;1
24291897000118;2
20852652000161;11
16958061000104;1
21782352000116;1
10575085000190;1
13199098000108;20
14742814000106;3
09333557000119;2
23022485000110;1
19423963000126;6
03338453000110;4
02427729000174;1
19622207000126;2
07877835000173;2
12725764000123;1
17822316000161;2
23813039000123;1
17189321000189;1
21009988000120;1
24076573000167;1
18932072000132;2
11393662000195;4
13132866000106;3
26830569000178;1
07615074000181;1
27450426000101;1
06004160000195;2
26751763000168;3
18284063000182;3
05797417000140;1
18262771000112;1
08698326000146;2
05000571000140;3
19377959000179;1
11510018000150;3
13214981000111;1
07631264000192;1
09308834000133;1
20274963000190;1
17620703000115;17
18413414000108;2
17572003000100;7
00467086000167;5
19861156000195;2
03054266000105;1
00797967000146;1
05016182000102;4
69942019000153;2
12661958000102;1
27396230000178;1
12430381000128;4
07384777000146;3
14175136000147;1
09298626000109;2
21647734000137;1
27057194000118;1
26962350000122;1
03258016000197;1
20390401000102;2
02314156000172;2
11118705000124;1
04509437000106;1
21946334000122;1
05347581000156;1
08744736000186;1
03890559000122;4
13719718000184;5
27571625000160;2
00331788002162;1
03998680000172;5
03010628000166;1
11086567000149;2
21755010000107;1
10695368000175;1
18038326000173;1
09370263000167;1
20464362000140;1
27197452000161;1
26773381000135;3
24008455000111;4
27124084000121;1
24886846000139;3
09687370000113;2
19012011000110;1
08204760000122;5
10738351000158;7
19688013000123;1
11302800000183;3
08984148000110;1
26354247000108;1
24614136000150;1
08933521000103;2
19692464000134;2
14130912000192;2
10394890000117;1
08967457000181;1
11174582000149;2
27559419000134;3
24065132000160;1
27611737000105;1
14309403000121;1
18851698000114;1
09344201000180;5
27343324000189;2
07149331000137;2
08923815000154;3
09250758000152;2
11869254000167;2
07443677000143;3
02953824000101;2
02828080000101;1
06314457000157;1
19784624000175;5
05373848000180;1
14771202000141;2
09199878000172;2
27467651000142;1
19345911000189;2
22891610000165;2
02296264000402;3
07865242000197;7
18547219000170;3
10603494000152;1
18262459000129;1
13048826000172;2
18033824000123;2
22759975000130;1
07234100000121;1
18249795000131;2
21786964000187;1
20338438000191;1
12299823000149;7
22449331000146;1
17644916000187;1
21628883000159;1
23979619000195;1
03467684000124;41
21806860000197;3
11689133000133;1
21992494000108;1
17177202000106;3
10606362000184;1
02110599000141;4
26230669000163;1
09020529000141;4
26391436000142;1
20369383000187;1
06123946000121;1
08719610000151;1
10826843000103;1
07293135000131;2
20549615000189;5
28093427000109;2
09142268000132;11
22212188000174;5
10754828000199;11
12306492000127;3
05130686000159;1
12704516000104;9
12670936000109;15
19278900000123;2
10579832000168;3
10954450000177;86
07532349000113;7
17413736000194;1
08763657000112;9
11824659000189;1
11385898000180;8
23322469000142;1
17621505000176;2
09502673000114;6
27146624000178;4
03395396000101;36
12825186000105;1
16732124000100;2
09534458000103;1
09168778000189;3
13556557000155;1
20246469000112;2
01199336000198;1
10552157000183;1
23914608000127;1
03080161000120;3
22289199000152;1
02040219000140;3
20918417000145;9
26084568000121;1
09127069000155;28
20465278000141;1
27880105000139;1
14088010000135;5
14529732000188;2
10947886000139;1
08725003000102;2
07796417000151;4
23987125000152;2
16715147000106;8
04949494000106;102
02520829000140;4
17624896000182;2
07990965000118;1
28184578000164;1
04554759000177;4
08726863000152;1
09292369000190;31
15334688000113;3
07381867000183;2
05548229000189;5
05620923000160;1
11936395000155;2
19533284000100;2
02403471000176;4
19567110000168;1
24298895000150;4
05411059000196;1
03172781000190;3
10634109000134;2
21228359000190;1
17271455000144;17
21302067000150;1
09027789000149;1
18967438000109;27
17894959000110;1
03904771000100;2
18568641000102;1
27055090000174;1
16693935000130;23
24002176000140;1
21662035000166;1
09468539000144;1
13170175000199;1
26839053000194;1
21037161000120;1
18804447000189;4
10656927000138;1
41208299000151;2
28424397000168;1
17142659000185;1
00879316000103;11
02243150000151;1
06298188000182;1
03226372000129;1
70113683000179;4
09467268000102;4
09039574000148;15
23472167000150;1
23322509000156;2
23916645000174;2
26759085000180;1
27178885000170;1
23017441000100;1
27131230000146;1
03749518000110;2
41124546000131;8
03743073000161;1
19429348000127;1
10172002000111;1
11420399000186;2
15318404000103;2
10365996000192;8
01713622000120;7
27084076000107;1
21345216000169;2
28333787000122;1
13611016000182;2
18054961000144;1
19710315000150;2
02773723000159;2
01838726000160;2
40952277000139;1
10554404000180;7
11987856000119;1
27104609000167;1
19554783000183;2
23396974000131;1
27602210000106;2
20407881000177;1
21812969000137;1
14402647000154;58
01517003000160;1
07509845000156;2
19988451000107;1
13145111000138;3
19712469000181;2
11566781000100;1
26809832000147;1
26658488000132;1
05084873000143;1
07484373000124;1
17339750000195;2
27248331000100;1
17267333000184;17
09061239000146;8
23804821000186;1
04942349000101;1
03115654000159;7
01412713000125;5
17625463000141;1
02389680000293;4
17416804000179;2
24118162000197;4
21658561000152;5
10853042000129;40
11799099000150;3
11897295000167;1
17911208000165;1
08830347000173;2
16844685000192;2
10663269000101;1
20410017000124;1
10333399000186;1
05114232000194;2
10745991000195;12
11273749000129;1
18516891000107;1
26727555000123;3
08307662000382;6
11342605000187;6
16985180000148;3
24272614000190;1
17843127000175;2
03680271000123;7
24836286000108;8
19079667000150;1
02783375000109;2
11322507000188;2
28419956000141;1
21970243000122;2
00455771000173;2
70307939000189;8
24218800000141;1
26968499000119;2
19987040000105;2
27040099000101;1
40983751000190;1
11724567000127;8
70099924000172;6
28924080000190;1
06349848000107;1
20761240000116;1
24418109000101;1
28536388000169;1
12245877000121;1
63478895000194;279
35485168000119;1
07366605000140;3
03013765000154;1
11750184000204;2
07749121000180;2
19493224000100;8
01768611000147;1
17427953000133;7
12829621000161;1
10748762000124;2
04361467000118;9
18181403000140;1
08601007000170;6
23934442000100;2
09288487000124;1
07227808000155;13
24128140000108;1
10736481000151;1
03823361000126;2
11148113000155;5
19503677000170;5
16826043000160;155
07824583000114;6
18825254000104;1
04866656000142;5
28535369000118;1
17633219000120;2
19560771000161;10
22982459000170;1
24064804000112;18
26000589000111;1
09221904000111;2
27640930000166;1
17064456000118;3
22929607000193;1
02296264000160;1
00510185000184;2
11579012000139;1
02124665000132;3
24183817000100;4
21011178000108;1
03119756000142;3
12679494000161;9
21784773000186;3
04826424000160;96
19538574000146;1
04500455000127;1
08283557000199;3
10140522000142;2
08544611000102;1
28363015000133;1
24547578000120;4
21187424000187;1
26767337000112;5
09386533000128;1
07728465000102;1
21655802000100;4
17767983000199;1
21232374000102;2
13749797000176;1
09382153000115;1
18392453000176;3
13160529000114;1
24099731000102;21
08029271000181;2
03466787000170;1
03132338000195;22
07832384000158;4
26824897000161;1
20229276000153;1
27264026000101;1
20082973000124;1
04313197000170;1
20198694000120;7
26873352000145;2
07410023000113;3
09219015000110;8
05821353000176;9
04302749000144;1
06069250000164;1
18947681000165;1
06054905000120;2
08160450000153;1
62413869000115;4
27865772000142;1
20071840000152;2
03611875000118;1
11909659000181;1
17584737000100;1
19575094000155;1
21636156000133;1
21778142000154;2
03120645000156;5
02401421000150;7
24483235000140;2
21984733000188;1
09441460000120;4
24058388000140;2
01514117000156;1
26783885000136;1
23527560000102;1
05055567000189;1
17184595000185;10
08060934000120;63
19481544000140;1
02855562000142;4
19449953000160;1
23725771000141;1
07346079000156;7
06243407000126;29
04064641000160;123
27381097000186;1
13128554000110;1
08875639000122;2
00833140000140;2
19363703000102;2
02349757000110;14
17169093000185;1
70095211000130;5
07836758000103;3
08955388000196;1
17308129000164;1
15440834000195;6
19036632000133;2
10547010000103;1
17532072000182;2
12039966000111;3
17302104000153;6
24294530000158;2
07946102000143;1
21873788000110;2
05824110000191;2
27565306000141;1
26889382000140;1
07010229000156;3
17558526000194;2
22932405000109;1
01622509000139;3
04906621000190;1
24209586000167;2
23821329000119;1
15501731000198;5
35422021000180;23
17626601000107;2
24418281000165;1
03358309000146;1
17542425000125;1
03782343000143;4
60746948000112;3
12734018000104;81
12505480000121;1
12241225000119;1
27632756000100;1
26728157000121;2
09427354000191;1
05243740000172;1
08226676000100;1
04007864000196;2
41133018000149;1
08086461000130;1
35583475000132;5
27262379000164;1
17520597000106;1
21553674000193;20
17374622000182;1
19549532000100;1
19563768000100;1
24796077000188;1
00198694000113;3
35334424000177;4
27293237000164;1
13131876000119;13
22624775000170;1
19570870000124;1
12950433000197;1
08836584000141;2
07854477000183;3
27152336000126;1
26968580000107;1
23982513000140;2
24257970000135;2
19253218000186;51
01784741000173;2
14811192000120;4
07106378000113;1
10757876000130;2
04420520000104;1
26764981000137;1
21601239000197;2
07848642000194;1
12889652000108;8
27899499000177;1
17648328000111;2
11996265000108;1
21798708000100;12
14801101000176;14
05611263000150;13
40983728000103;10
19095102000166;4
19666029000135;4
20009784000126;1
35581701000146;3
35435007000110;1
24029709000188;1
10309248000192;2
02314119000164;8
22508274000129;1
27841845000166;1
07255166000106;3
56998701003301;1
09157171000101;2
13110633000102;1
18947995000168;1
19563431000194;1
11083424000183;37
19512046000118;2
13613739000110;12
02056452000110;1
03466020000140;5
09468230000154;1
06176355000112;1
27364346000125;1
11508367000137;2
13441051000281;6
11463899000103;1
20372281000110;3
09139225000106;11
09493654000179;2
09427338000107;3
12577037000166;28
18379670000126;16
22091933000174;1
27103280000110;1
07144552000112;2
14313179000141;15
03945035000191;2
01903497000110;1
26831323000110;1
26785272000138;1
06150673000104;1
08821132000196;2
01555777000185;3
23760592000145;3
09268680000101;54
15217918000164;2
16466017000179;1
11826216000127;1
27710244000114;3
26767414000134;1
27262693000147;1
19340911000196;2
22806519000102;1
27620977000168;1
08397547000184;7
20926130000167;2
24103533000167;1
26803440000170;1
11182551000130;2
19297022000193;24
17666387000112;1
13810426000152;1
11938439000186;1
11191106000136;1
15199741000110;3
04575317000107;10
01036176000166;2
14103445000101;1
17724971000187;3
08194720000147;14
08979527000111;1
08984126000150;4
15114641000144;1
16826043000241;4
04252838000123;4
07640617000110;4
21807776000198;1
12931713000158;1
00198693000179;36
20863203000119;1
00118689000153;4
26183043000143;1
19502091000191;24
25146032000120;1
20174368000183;2
03386085000186;1
21874174000153;2
19757547000164;3
09405952000160;1
07526979000185;37
01767395000115;14
07995672000123;1
10319076000138;6
07596852000132;1
07052784000140;2
08766032000295;13
22602953000162;2
24175652000125;3
24883552000153;7
13498315000152;4
03358383000162;3
19242524000117;25
22449148000140;1
07768877000176;4
26942958000195;1
10553934000104;3
09098181000105;2
11938520000166;2
05293383000157;3
20436901000138;2
18100267000116;16
13330880000106;1
09442482000104;6
12063125000140;1
21402572000177;1
22548782000130;1
08690667000175;1
28467201000112;1
10140324000189;11
09025240000115;1
10739475000158;4
18037289000189;1
08556755000189;2
19701183000109;1
16826093000148;7
22820354000115;1
09168843000176;4
15087652000182;1
02832274000172;2
19832198000106;2
11332315000152;1
09092045000108;3
04650706000150;3
07384493000150;5
14665975000143;2
23300836000107;1
01112460000174;5
10642423000169;2
35662667000134;1
13519354000199;22
27587457000109;1
05393059000100;34
02304075000191;2
01995578000198;2
07761080000147;1
29143768000104;1
05696791000150;2
20237537000187;2
14379164000186;2
03418706000166;1
04039264000100;1
28302534000191;2
17187799000170;1
19673571000115;2
08784356000175;1
12646171000171;2
12929022000110;2
04209183000100;2
10454756000164;6
27368362000196;1
17775563000154;1
02323033000106;9
20820934000187;1
12968540000142;4
05759466000199;2
28098566000117;1
27501690000119;1
19417760000127;2
05560288000172;48
11950213000109;3
17594120000167;2
16775123000134;1
12426297000130;2
18007814000113;1
23495108000106;5
27544701000148;1
23193395000191;1
04204929000193;1
18783334000144;1
12080737000140;2
19536121000180;2
04814098000171;1
07356270000189;1
27730785000104;1
21625284000181;4
02856288000126;4
22526394000159;57
17633364000101;1
07533336000169;1
10671052000143;1
23481371000138;1
02620327000191;3
05960310000171;24
08080397000180;4
18134307000140;1
22007302000124;10
08930336000165;1
08345382000105;3
19223647000100;1
19560932000117;6
12689431000196;1
07702379000120;2
13015031000168;3
21694988000106;1
24884907000129;1
01658745000105;3
04774540000183;2
23359699000186;1
09256546000778;4
27085474000130;1
15347788000184;2
26874029000196;2
04235161000115;2
00412041000195;2
20858680000196;2
07540724000177;9
11889912000182;8
19982224000174;1
22626268000176;1
19147625000109;1
15514459000180;2
06292667000191;6
26804377000600;4
09632818000100;23
16774313000137;1
03538267000125;42
17229420000147;1
17366738000170;2
27319501000191;1
09311371000169;3
04742449000186;1
26542769000125;7
20873342000123;26
04512147000111;1
08579500000131;2
12359017000119;18
09261355000109;6
24835862000100;3
24894734000120;2
19394420000128;1
07955360000196;2
00995371000150;2
24720612000117;1
04765858000106;4
12989129000153;8
26790916000186;1
26649698000164;4
09166974000114;3
11547441000124;10
08750646000106;2
27143877000198;1
28659999000102;1
24637299000158;1
12032387000147;1
07543641000131;2
19627203000130;2
26809274000110;1
10702057000196;2
08301913000150;1
07716548000181;4
17403299000128;1
07109710000101;2
18559346000190;1
17431229000183;3
09463972000197;1
07177669000100;10
19967720000159;2
12825186000369;5
17092733000104;1
17620895000160;1
24031000000117;1
19562606000149;2
22104205000150;1
09145393000104;1
21179735000102;1
17830507000175;4
27545638000164;1
11506179000170;1
21263292000125;1
03612070000199;1
03883545000181;8
07315687000101;1
15369972000125;6
22545590000170;1
22660430000172;2
03884141000102;12
07832410000148;1
08856150000103;4
19923130000124;1
21346312000121;3
17560794000140;9
11333538000134;1
21764185000180;2
09419855000126;1
07580742000182;1
17415942000133;1
03823683000175;1
19922450000160;1
08811812000129;5
27347714000127;1
27347966000156;1
10904478000108;1
09035695000111;1
18021830000160;3
11622590000100;9
19651109000117;2
10550286000132;2
08819724000173;5
27514467000106;1
18658386000199;24
00353965000168;2
12565486000194;1
02527531000162;19
01771703000186;1
09359795000284;1
11386409000104;4
13212422000172;4
18626410000108;2
07835062000162;3
20514305000129;1
07822693000147;1
19750485000169;5
22046901000157;2
08503644000104;2
14177678000159;23
18632622000106;1
09046825000111;2
09147418000109;1
14798786000149;1
11649002000122;3
11899853000123;1
04067695000180;53
02575103000105;4
40944845000150;2
26426217000151;1
14000892000135;1
24232773000161;2
27834708000102;1
04670222000172;1
08170633000150;4
22045370000188;2
15912555000187;2
14960500000180;10
06039211000114;1
02104895000130;1
10564673000128;10
03361293000120;1
17886274000122;29
14593697000166;4
15808591000103;9
21282316000193;1
24488763000191;1
12332890000118;3
26743338000127;3
22654814000182;2
09441700000196;2
13094898000156;28
27131362000178;2
25008219000168;37
24175938000100;4
24273687000105;1
08648978000176;1
70223060000159;1
27017753000166;3
05148065000100;3
11094525000150;2
04078841000172;8
11712654000164;1
08999454000120;2
26758189000170;2
09404971000171;6
26318032000123;2
15569796000175;1
13437159000110;1
12281601000107;2
02268832000119;2
05843761000129;1
02842435000109;2
21052876000151;1
10175806000174;3
22720399000118;2
27115235000185;3
21851161000169;2
13160271000156;3
10925039000173;3
54178983000180;1
21758252000154;2
21961145000129;5
01004128000196;1
26998524000107;1
01904400000194;1
27460606000166;1
16815371000161;2
07925120000149;2
01422330000138;2
24476672000136;2
03401277000114;3
10900669000193;1
15085199000175;3
15621542000159;2
22438529000124;2
22404799000114;4
25236719000157;2
16605078000170;1
28896275000174;1
20283752000114;1
12825230000179;4
09647830000180;2
13502383000148;1
03120628000119;4
03781718000150;18
09020811000129;1
35590090000100;16
07297097000195;1
17127277000182;1
23821927000198;64
03823306000136;6
18978695000146;1
10357331000137;2
28877816000117;1
14213350000140;4
15359686000189;1
08527137000100;7
03444329000130;5
11918452000173;5
01602078000149;2
27878584000159;1
13992299000150;2
11372029000110;3
08331064000187;1
11361353000133;2
11118769000125;2
26771320000139;1
08267154000156;1
10632526000148;5
16977858000140;1
21611069000121;2
24388545000185;1
20387010000139;2
12610622000110;2
24332168000162;1
04393361000104;2
22552766000111;5
01517008000192;1
08943253000100;1
24525276000151;2
10982694000163;2
24270907000139;1
07850187000161;1
00683754000193;1
24433556000130;2
19125003000180;2
04770217000131;2
08175043000110;6
20031262000120;2
10649201000178;5
13128253000197;8
10888548000173;1
21297758000103;25
19178696000179;1
09189450000149;1
28075530000118;1
04918161000110;33
08101694000165;4
19053952000100;1
10358843000118;1
15440591000195;4
01790630000170;6
